   numel numnp nmat nmode  (This is for a brick ball)
80 200 1 0
matl no., E modulus, Poisson Ratio, density
0   100000000.0000           0.2700        2770.0000
el no.,connectivity, matl no.
   0     0   20   21    1   40   60   61   41    0
   1     1   21   22    2   41   61   62   42    0
   2     2   22   23    3   42   62   63   43    0
   3     3   23   24    4   43   63   64   44    0
   4     4   24   25    5   44   64   65   45    0
   5     5   25   26    6   45   65   66   46    0
   6     6   26   27    7   46   66   67   47    0
   7     7   27   28    8   47   67   68   48    0
   8     8   28   29    9   48   68   69   49    0
   9     9   29   30   10   49   69   70   50    0
  10    10   30   31   11   50   70   71   51    0
  11    11   31   32   12   51   71   72   52    0
  12    12   32   33   13   52   72   73   53    0
  13    13   33   34   14   53   73   74   54    0
  14    14   34   35   15   54   74   75   55    0
  15    15   35   36   16   55   75   76   56    0
  16    16   36   37   17   56   76   77   57    0
  17    17   37   38   18   57   77   78   58    0
  18    18   38   39   19   58   78   79   59    0
  19    19   39   20    0   59   79   60   40    0
  20    40   60   61   41   80  100  101   81    0
  21    41   61   62   42   81  101  102   82    0
  22    42   62   63   43   82  102  103   83    0
  23    43   63   64   44   83  103  104   84    0
  24    44   64   65   45   84  104  105   85    0
  25    45   65   66   46   85  105  106   86    0
  26    46   66   67   47   86  106  107   87    0
  27    47   67   68   48   87  107  108   88    0
  28    48   68   69   49   88  108  109   89    0
  29    49   69   70   50   89  109  110   90    0
  30    50   70   71   51   90  110  111   91    0
  31    51   71   72   52   91  111  112   92    0
  32    52   72   73   53   92  112  113   93    0
  33    53   73   74   54   93  113  114   94    0
  34    54   74   75   55   94  114  115   95    0
  35    55   75   76   56   95  115  116   96    0
  36    56   76   77   57   96  116  117   97    0
  37    57   77   78   58   97  117  118   98    0
  38    58   78   79   59   98  118  119   99    0
  39    59   79   60   40   99  119  100   80    0
  40    80  100  101   81  120  140  141  121    0
  41    81  101  102   82  121  141  142  122    0
  42    82  102  103   83  122  142  143  123    0
  43    83  103  104   84  123  143  144  124    0
  44    84  104  105   85  124  144  145  125    0
  45    85  105  106   86  125  145  146  126    0
  46    86  106  107   87  126  146  147  127    0
  47    87  107  108   88  127  147  148  128    0
  48    88  108  109   89  128  148  149  129    0
  49    89  109  110   90  129  149  150  130    0
  50    90  110  111   91  130  150  151  131    0
  51    91  111  112   92  131  151  152  132    0
  52    92  112  113   93  132  152  153  133    0
  53    93  113  114   94  133  153  154  134    0
  54    94  114  115   95  134  154  155  135    0
  55    95  115  116   96  135  155  156  136    0
  56    96  116  117   97  136  156  157  137    0
  57    97  117  118   98  137  157  158  138    0
  58    98  118  119   99  138  158  159  139    0
  59    99  119  100   80  139  159  140  120    0
  60   120  140  141  121  160  180  181  161    0
  61   121  141  142  122  161  181  182  162    0
  62   122  142  143  123  162  182  183  163    0
  63   123  143  144  124  163  183  184  164    0
  64   124  144  145  125  164  184  185  165    0
  65   125  145  146  126  165  185  186  166    0
  66   126  146  147  127  166  186  187  167    0
  67   127  147  148  128  167  187  188  168    0
  68   128  148  149  129  168  188  189  169    0
  69   129  149  150  130  169  189  190  170    0
  70   130  150  151  131  170  190  191  171    0
  71   131  151  152  132  171  191  192  172    0
  72   132  152  153  133  172  192  193  173    0
  73   133  153  154  134  173  193  194  174    0
  74   134  154  155  135  174  194  195  175    0
  75   135  155  156  136  175  195  196  176    0
  76   136  156  157  137  176  196  197  177    0
  77   137  157  158  138  177  197  198  178    0
  78   138  158  159  139  178  198  199  179    0
  79   139  159  140  120  179  199  180  160    0
node no. coordinates
   0   -0.00000  -0.86602  -0.50000 
   1   -0.15451  -0.86602  -0.47553 
   2   -0.29389  -0.86602  -0.40451 
   3   -0.40451  -0.86602  -0.29389 
   4   -0.47553  -0.86602  -0.15451 
   5   -0.50000  -0.86602  -0.00000 
   6   -0.47553  -0.86602   0.15451 
   7   -0.40451  -0.86602   0.29389 
   8   -0.29389  -0.86602   0.40451 
   9   -0.15451  -0.86602   0.47553 
  10   -0.00000  -0.86602   0.50000 
  11    0.15451  -0.86602   0.47553 
  12    0.29389  -0.86602   0.40451 
  13    0.40451  -0.86602   0.29390 
  14    0.47553  -0.86602   0.15451 
  15    0.50000  -0.86602   0.00000 
  16    0.47553  -0.86602  -0.15451 
  17    0.40451  -0.86602  -0.29389 
  18    0.29390  -0.86602  -0.40451 
  19    0.15451  -0.86602  -0.47553 
  20   -0.00000  -3.46410  -2.00001 
  21   -0.61804  -3.46410  -1.90212 
  22   -1.17557  -3.46410  -1.61804 
  23   -1.61804  -3.46410  -1.17558 
  24   -1.90212  -3.46410  -0.61804 
  25   -2.00001  -3.46410  -0.00000 
  26   -1.90212  -3.46410   0.61803 
  27   -1.61804  -3.46410   1.17557 
  28   -1.17558  -3.46410   1.61804 
  29   -0.61804  -3.46410   1.90212 
  30   -0.00001  -3.46410   2.00001 
  31    0.61803  -3.46410   1.90212 
  32    1.17557  -3.46410   1.61804 
  33    1.61804  -3.46410   1.17558 
  34    1.90212  -3.46410   0.61804 
  35    2.00001  -3.46410   0.00001 
  36    1.90212  -3.46410  -0.61803 
  37    1.61805  -3.46410  -1.17557 
  38    1.17558  -3.46410  -1.61803 
  39    0.61805  -3.46410  -1.90212 
  40   -0.00000  -0.50000  -0.86603 
  41   -0.26762  -0.50000  -0.82364 
  42   -0.50904  -0.50000  -0.70063 
  43   -0.70063  -0.50000  -0.50904 
  44   -0.82364  -0.50000  -0.26762 
  45   -0.86603  -0.50000  -0.00000 
  46   -0.82364  -0.50000   0.26762 
  47   -0.70063  -0.50000   0.50904 
  48   -0.50904  -0.50000   0.70063 
  49   -0.26762  -0.50000   0.82364 
  50   -0.00000  -0.50000   0.86603 
  51    0.26761  -0.50000   0.82364 
  52    0.50904  -0.50000   0.70063 
  53    0.70063  -0.50000   0.50904 
  54    0.82364  -0.50000   0.26762 
  55    0.86603  -0.50000   0.00000 
  56    0.82364  -0.50000  -0.26761 
  57    0.70063  -0.50000  -0.50903 
  58    0.50904  -0.50000  -0.70063 
  59    0.26762  -0.50000  -0.82364 
  60   -0.00000  -1.99999  -3.46411 
  61   -1.07047  -1.99999  -3.29456 
  62   -2.03615  -1.99999  -2.80252 
  63   -2.80252  -1.99999  -2.03615 
  64   -3.29456  -1.99999  -1.07047 
  65   -3.46411  -1.99999  -0.00000 
  66   -3.29456  -1.99999   1.07046 
  67   -2.80252  -1.99999   2.03614 
  68   -2.03616  -1.99999   2.80252 
  69   -1.07048  -1.99999   3.29456 
  70   -0.00001  -1.99999   3.46411 
  71    1.07046  -1.99999   3.29456 
  72    2.03614  -1.99999   2.80253 
  73    2.80251  -1.99999   2.03616 
  74    3.29456  -1.99999   1.07048 
  75    3.46411  -1.99999   0.00001 
  76    3.29456  -1.99999  -1.07045 
  77    2.80253  -1.99999  -2.03614 
  78    2.03616  -1.99999  -2.80251 
  79    1.07048  -1.99999  -3.29455 
  80   -0.00000   0.00000  -1.00000 
  81   -0.30902   0.00000  -0.95106 
  82   -0.58778   0.00000  -0.80902 
  83   -0.80902   0.00000  -0.58779 
  84   -0.95106   0.00000  -0.30902 
  85   -1.00000   0.00000  -0.00000 
  86   -0.95106   0.00000   0.30902 
  87   -0.80902   0.00000   0.58778 
  88   -0.58779   0.00000   0.80902 
  89   -0.30902   0.00000   0.95106 
  90   -0.00000   0.00000   1.00000 
  91    0.30901   0.00000   0.95106 
  92    0.58778   0.00000   0.80902 
  93    0.80901   0.00000   0.58779 
  94    0.95106   0.00000   0.30902 
  95    1.00000   0.00000   0.00000 
  96    0.95106   0.00000  -0.30901 
  97    0.80902   0.00000  -0.58778 
  98    0.58779   0.00000  -0.80901 
  99    0.30902   0.00000  -0.95105 
 100   -0.00000   0.00001  -4.00000 
 101   -1.23607   0.00001  -3.80423 
 102   -2.35114   0.00001  -3.23607 
 103   -3.23607   0.00001  -2.35114 
 104   -3.80422   0.00001  -1.23607 
 105   -4.00000   0.00001  -0.00001 
 106   -3.80423   0.00001   1.23606 
 107   -3.23607   0.00001   2.35113 
 108   -2.35115   0.00001   3.23606 
 109   -1.23608   0.00001   3.80422 
 110   -0.00001   0.00001   4.00000 
 111    1.23606   0.00001   3.80423 
 112    2.35113   0.00001   3.23608 
 113    3.23606   0.00001   2.35115 
 114    3.80422   0.00001   1.23608 
 115    4.00000   0.00001   0.00002 
 116    3.80423   0.00001  -1.23605 
 117    3.23608   0.00001  -2.35113 
 118    2.35116   0.00001  -3.23606 
 119    1.23609   0.00001  -3.80422 
 120   -0.00000   0.50000  -0.86602 
 121   -0.26762   0.50000  -0.82364 
 122   -0.50904   0.50000  -0.70063 
 123   -0.70063   0.50000  -0.50904 
 124   -0.82364   0.50000  -0.26762 
 125   -0.86602   0.50000  -0.00000 
 126   -0.82364   0.50000   0.26762 
 127   -0.70063   0.50000   0.50904 
 128   -0.50904   0.50000   0.70063 
 129   -0.26762   0.50000   0.82364 
 130   -0.00000   0.50000   0.86602 
 131    0.26761   0.50000   0.82364 
 132    0.50903   0.50000   0.70063 
 133    0.70063   0.50000   0.50904 
 134    0.82364   0.50000   0.26762 
 135    0.86602   0.50000   0.00000 
 136    0.82364   0.50000  -0.26761 
 137    0.70063   0.50000  -0.50903 
 138    0.50904   0.50000  -0.70063 
 139    0.26762   0.50000  -0.82364 
 140   -0.00000   2.00000  -3.46410 
 141   -1.07046   2.00000  -3.29456 
 142   -2.03615   2.00000  -2.80252 
 143   -2.80251   2.00000  -2.03615 
 144   -3.29455   2.00000  -1.07047 
 145   -3.46410   2.00000  -0.00000 
 146   -3.29456   2.00000   1.07046 
 147   -2.80252   2.00000   2.03614 
 148   -2.03615   2.00000   2.80251 
 149   -1.07047   2.00000   3.29455 
 150   -0.00001   2.00000   3.46410 
 151    1.07046   2.00000   3.29456 
 152    2.03614   2.00000   2.80252 
 153    2.80251   2.00000   2.03616 
 154    3.29455   2.00000   1.07048 
 155    3.46410   2.00000   0.00001 
 156    3.29456   2.00000  -1.07045 
 157    2.80252   2.00000  -2.03613 
 158    2.03616   2.00000  -2.80251 
 159    1.07048   2.00000  -3.29455 
 160   -0.00000   0.86603  -0.50000 
 161   -0.15451   0.86603  -0.47553 
 162   -0.29389   0.86603  -0.40451 
 163   -0.40451   0.86603  -0.29389 
 164   -0.47553   0.86603  -0.15451 
 165   -0.50000   0.86603  -0.00000 
 166   -0.47553   0.86603   0.15451 
 167   -0.40451   0.86603   0.29389 
 168   -0.29389   0.86603   0.40451 
 169   -0.15451   0.86603   0.47553 
 170   -0.00000   0.86603   0.50000 
 171    0.15451   0.86603   0.47553 
 172    0.29389   0.86603   0.40451 
 173    0.40451   0.86603   0.29389 
 174    0.47553   0.86603   0.15451 
 175    0.50000   0.86603   0.00000 
 176    0.47553   0.86603  -0.15451 
 177    0.40451   0.86603  -0.29389 
 178    0.29389   0.86603  -0.40451 
 179    0.15451   0.86603  -0.47553 
 180   -0.00000   3.46410  -2.00000 
 181   -0.61803   3.46410  -1.90211 
 182   -1.17557   3.46410  -1.61803 
 183   -1.61803   3.46410  -1.17557 
 184   -1.90211   3.46410  -0.61804 
 185   -2.00000   3.46410  -0.00000 
 186   -1.90211   3.46410   0.61803 
 187   -1.61803   3.46410   1.17557 
 188   -1.17557   3.46410   1.61803 
 189   -0.61804   3.46410   1.90211 
 190   -0.00001   3.46410   2.00000 
 191    0.61803   3.46410   1.90211 
 192    1.17556   3.46410   1.61804 
 193    1.61803   3.46410   1.17558 
 194    1.90211   3.46410   0.61804 
 195    2.00000   3.46410   0.00001 
 196    1.90211   3.46410  -0.61803 
 197    1.61804   3.46410  -1.17556 
 198    1.17558   3.46410  -1.61803 
 199    0.61804   3.46410  -1.90211 
prescribed displacement x: node  disp value
 -10
 prescribed displacement y: node  disp value
 -10
 prescribed displacement z: node  disp value
 -10
 node with point load and load vector in x,y,z
 -10
 node no. with stress and stress vector xx,yy,xy,zx,yz
 -10 