   numel numnp nmat nmode  This is the wedge mesh 
      288  455    1    0 
 matl no., E modulus, Poisson Ratio, density 
  0  10000000.0000    0.3000 2770.0000
 el no., connectivity, matl no 
   0    0    1    8    7   91   92   99   98    0
   1    1    2    9    8   92   93  100   99    0
   2    2    3   10    9   93   94  101  100    0
   3    3    4   11   10   94   95  102  101    0
   4    4    5   12   11   95   96  103  102    0
   5    5    6   13   12   96   97  104  103    0
   6    7    8   15   14   98   99  106  105    0
   7    8    9   16   15   99  100  107  106    0
   8    9   10   17   16  100  101  108  107    0
   9   10   11   18   17  101  102  109  108    0
  10   11   12   19   18  102  103  110  109    0
  11   12   13   20   19  103  104  111  110    0
  12   14   15   22   21  105  106  113  112    0
  13   15   16   23   22  106  107  114  113    0
  14   16   17   24   23  107  108  115  114    0
  15   17   18   25   24  108  109  116  115    0
  16   18   19   26   25  109  110  117  116    0
  17   19   20   27   26  110  111  118  117    0
  18   21   22   29   28  112  113  120  119    0
  19   22   23   30   29  113  114  121  120    0
  20   23   24   31   30  114  115  122  121    0
  21   24   25   32   31  115  116  123  122    0
  22   25   26   33   32  116  117  124  123    0
  23   26   27   34   33  117  118  125  124    0
  24   28   29   36   35  119  120  127  126    0
  25   29   30   37   36  120  121  128  127    0
  26   30   31   38   37  121  122  129  128    0
  27   31   32   39   38  122  123  130  129    0
  28   32   33   40   39  123  124  131  130    0
  29   33   34   41   40  124  125  132  131    0
  30   35   36   43   42  126  127  134  133    0
  31   36   37   44   43  127  128  135  134    0
  32   37   38   45   44  128  129  136  135    0
  33   38   39   46   45  129  130  137  136    0
  34   39   40   47   46  130  131  138  137    0
  35   40   41   48   47  131  132  139  138    0
  36   42   43   50   49  133  134  141  140    0
  37   43   44   51   50  134  135  142  141    0
  38   44   45   52   51  135  136  143  142    0
  39   45   46   53   52  136  137  144  143    0
  40   46   47   54   53  137  138  145  144    0
  41   47   48   55   54  138  139  146  145    0
  42   49   50   57   56  140  141  148  147    0
  43   50   51   58   57  141  142  149  148    0
  44   51   52   59   58  142  143  150  149    0
  45   52   53   60   59  143  144  151  150    0
  46   53   54   61   60  144  145  152  151    0
  47   54   55   62   61  145  146  153  152    0
  48   56   57   64   63  147  148  155  154    0
  49   57   58   65   64  148  149  156  155    0
  50   58   59   66   65  149  150  157  156    0
  51   59   60   67   66  150  151  158  157    0
  52   60   61   68   67  151  152  159  158    0
  53   61   62   69   68  152  153  160  159    0
  54   63   64   71   70  154  155  162  161    0
  55   64   65   72   71  155  156  163  162    0
  56   65   66   73   72  156  157  164  163    0
  57   66   67   74   73  157  158  165  164    0
  58   67   68   75   74  158  159  166  165    0
  59   68   69   76   75  159  160  167  166    0
  60   70   71   78   77  161  162  169  168    0
  61   71   72   79   78  162  163  170  169    0
  62   72   73   80   79  163  164  171  170    0
  63   73   74   81   80  164  165  172  171    0
  64   74   75   82   81  165  166  173  172    0
  65   75   76   83   82  166  167  174  173    0
  66   77   78   85   84  168  169  176  175    0
  67   78   79   86   85  169  170  177  176    0
  68   79   80   87   86  170  171  178  177    0
  69   80   81   88   87  171  172  179  178    0
  70   81   82   89   88  172  173  180  179    0
  71   82   83   90   89  173  174  181  180    0
  72   91   92   99   98  182  183  190  189    0
  73   92   93  100   99  183  184  191  190    0
  74   93   94  101  100  184  185  192  191    0
  75   94   95  102  101  185  186  193  192    0
  76   95   96  103  102  186  187  194  193    0
  77   96   97  104  103  187  188  195  194    0
  78   98   99  106  105  189  190  197  196    0
  79   99  100  107  106  190  191  198  197    0
  80  100  101  108  107  191  192  199  198    0
  81  101  102  109  108  192  193  200  199    0
  82  102  103  110  109  193  194  201  200    0
  83  103  104  111  110  194  195  202  201    0
  84  105  106  113  112  196  197  204  203    0
  85  106  107  114  113  197  198  205  204    0
  86  107  108  115  114  198  199  206  205    0
  87  108  109  116  115  199  200  207  206    0
  88  109  110  117  116  200  201  208  207    0
  89  110  111  118  117  201  202  209  208    0
  90  112  113  120  119  203  204  211  210    0
  91  113  114  121  120  204  205  212  211    0
  92  114  115  122  121  205  206  213  212    0
  93  115  116  123  122  206  207  214  213    0
  94  116  117  124  123  207  208  215  214    0
  95  117  118  125  124  208  209  216  215    0
  96  119  120  127  126  210  211  218  217    0
  97  120  121  128  127  211  212  219  218    0
  98  121  122  129  128  212  213  220  219    0
  99  122  123  130  129  213  214  221  220    0
 100  123  124  131  130  214  215  222  221    0
 101  124  125  132  131  215  216  223  222    0
 102  126  127  134  133  217  218  225  224    0
 103  127  128  135  134  218  219  226  225    0
 104  128  129  136  135  219  220  227  226    0
 105  129  130  137  136  220  221  228  227    0
 106  130  131  138  137  221  222  229  228    0
 107  131  132  139  138  222  223  230  229    0
 108  133  134  141  140  224  225  232  231    0
 109  134  135  142  141  225  226  233  232    0
 110  135  136  143  142  226  227  234  233    0
 111  136  137  144  143  227  228  235  234    0
 112  137  138  145  144  228  229  236  235    0
 113  138  139  146  145  229  230  237  236    0
 114  140  141  148  147  231  232  239  238    0
 115  141  142  149  148  232  233  240  239    0
 116  142  143  150  149  233  234  241  240    0
 117  143  144  151  150  234  235  242  241    0
 118  144  145  152  151  235  236  243  242    0
 119  145  146  153  152  236  237  244  243    0
 120  147  148  155  154  238  239  246  245    0
 121  148  149  156  155  239  240  247  246    0
 122  149  150  157  156  240  241  248  247    0
 123  150  151  158  157  241  242  249  248    0
 124  151  152  159  158  242  243  250  249    0
 125  152  153  160  159  243  244  251  250    0
 126  154  155  162  161  245  246  253  252    0
 127  155  156  163  162  246  247  254  253    0
 128  156  157  164  163  247  248  255  254    0
 129  157  158  165  164  248  249  256  255    0
 130  158  159  166  165  249  250  257  256    0
 131  159  160  167  166  250  251  258  257    0
 132  161  162  169  168  252  253  260  259    0
 133  162  163  170  169  253  254  261  260    0
 134  163  164  171  170  254  255  262  261    0
 135  164  165  172  171  255  256  263  262    0
 136  165  166  173  172  256  257  264  263    0
 137  166  167  174  173  257  258  265  264    0
 138  168  169  176  175  259  260  267  266    0
 139  169  170  177  176  260  261  268  267    0
 140  170  171  178  177  261  262  269  268    0
 141  171  172  179  178  262  263  270  269    0
 142  172  173  180  179  263  264  271  270    0
 143  173  174  181  180  264  265  272  271    0
 144  182  183  190  189  273  274  281  280    0
 145  183  184  191  190  274  275  282  281    0
 146  184  185  192  191  275  276  283  282    0
 147  185  186  193  192  276  277  284  283    0
 148  186  187  194  193  277  278  285  284    0
 149  187  188  195  194  278  279  286  285    0
 150  189  190  197  196  280  281  288  287    0
 151  190  191  198  197  281  282  289  288    0
 152  191  192  199  198  282  283  290  289    0
 153  192  193  200  199  283  284  291  290    0
 154  193  194  201  200  284  285  292  291    0
 155  194  195  202  201  285  286  293  292    0
 156  196  197  204  203  287  288  295  294    0
 157  197  198  205  204  288  289  296  295    0
 158  198  199  206  205  289  290  297  296    0
 159  199  200  207  206  290  291  298  297    0
 160  200  201  208  207  291  292  299  298    0
 161  201  202  209  208  292  293  300  299    0
 162  203  204  211  210  294  295  302  301    0
 163  204  205  212  211  295  296  303  302    0
 164  205  206  213  212  296  297  304  303    0
 165  206  207  214  213  297  298  305  304    0
 166  207  208  215  214  298  299  306  305    0
 167  208  209  216  215  299  300  307  306    0
 168  210  211  218  217  301  302  309  308    0
 169  211  212  219  218  302  303  310  309    0
 170  212  213  220  219  303  304  311  310    0
 171  213  214  221  220  304  305  312  311    0
 172  214  215  222  221  305  306  313  312    0
 173  215  216  223  222  306  307  314  313    0
 174  217  218  225  224  308  309  316  315    0
 175  218  219  226  225  309  310  317  316    0
 176  219  220  227  226  310  311  318  317    0
 177  220  221  228  227  311  312  319  318    0
 178  221  222  229  228  312  313  320  319    0
 179  222  223  230  229  313  314  321  320    0
 180  224  225  232  231  315  316  323  322    0
 181  225  226  233  232  316  317  324  323    0
 182  226  227  234  233  317  318  325  324    0
 183  227  228  235  234  318  319  326  325    0
 184  228  229  236  235  319  320  327  326    0
 185  229  230  237  236  320  321  328  327    0
 186  231  232  239  238  322  323  330  329    0
 187  232  233  240  239  323  324  331  330    0
 188  233  234  241  240  324  325  332  331    0
 189  234  235  242  241  325  326  333  332    0
 190  235  236  243  242  326  327  334  333    0
 191  236  237  244  243  327  328  335  334    0
 192  238  239  246  245  329  330  337  336    0
 193  239  240  247  246  330  331  338  337    0
 194  240  241  248  247  331  332  339  338    0
 195  241  242  249  248  332  333  340  339    0
 196  242  243  250  249  333  334  341  340    0
 197  243  244  251  250  334  335  342  341    0
 198  245  246  253  252  336  337  344  343    0
 199  246  247  254  253  337  338  345  344    0
 200  247  248  255  254  338  339  346  345    0
 201  248  249  256  255  339  340  347  346    0
 202  249  250  257  256  340  341  348  347    0
 203  250  251  258  257  341  342  349  348    0
 204  252  253  260  259  343  344  351  350    0
 205  253  254  261  260  344  345  352  351    0
 206  254  255  262  261  345  346  353  352    0
 207  255  256  263  262  346  347  354  353    0
 208  256  257  264  263  347  348  355  354    0
 209  257  258  265  264  348  349  356  355    0
 210  259  260  267  266  350  351  358  357    0
 211  260  261  268  267  351  352  359  358    0
 212  261  262  269  268  352  353  360  359    0
 213  262  263  270  269  353  354  361  360    0
 214  263  264  271  270  354  355  362  361    0
 215  264  265  272  271  355  356  363  362    0
 216  273  274  281  280  364  365  372  371    0
 217  274  275  282  281  365  366  373  372    0
 218  275  276  283  282  366  367  374  373    0
 219  276  277  284  283  367  368  375  374    0
 220  277  278  285  284  368  369  376  375    0
 221  278  279  286  285  369  370  377  376    0
 222  280  281  288  287  371  372  379  378    0
 223  281  282  289  288  372  373  380  379    0
 224  282  283  290  289  373  374  381  380    0
 225  283  284  291  290  374  375  382  381    0
 226  284  285  292  291  375  376  383  382    0
 227  285  286  293  292  376  377  384  383    0
 228  287  288  295  294  378  379  386  385    0
 229  288  289  296  295  379  380  387  386    0
 230  289  290  297  296  380  381  388  387    0
 231  290  291  298  297  381  382  389  388    0
 232  291  292  299  298  382  383  390  389    0
 233  292  293  300  299  383  384  391  390    0
 234  294  295  302  301  385  386  393  392    0
 235  295  296  303  302  386  387  394  393    0
 236  296  297  304  303  387  388  395  394    0
 237  297  298  305  304  388  389  396  395    0
 238  298  299  306  305  389  390  397  396    0
 239  299  300  307  306  390  391  398  397    0
 240  301  302  309  308  392  393  400  399    0
 241  302  303  310  309  393  394  401  400    0
 242  303  304  311  310  394  395  402  401    0
 243  304  305  312  311  395  396  403  402    0
 244  305  306  313  312  396  397  404  403    0
 245  306  307  314  313  397  398  405  404    0
 246  308  309  316  315  399  400  407  406    0
 247  309  310  317  316  400  401  408  407    0
 248  310  311  318  317  401  402  409  408    0
 249  311  312  319  318  402  403  410  409    0
 250  312  313  320  319  403  404  411  410    0
 251  313  314  321  320  404  405  412  411    0
 252  315  316  323  322  406  407  414  413    0
 253  316  317  324  323  407  408  415  414    0
 254  317  318  325  324  408  409  416  415    0
 255  318  319  326  325  409  410  417  416    0
 256  319  320  327  326  410  411  418  417    0
 257  320  321  328  327  411  412  419  418    0
 258  322  323  330  329  413  414  421  420    0
 259  323  324  331  330  414  415  422  421    0
 260  324  325  332  331  415  416  423  422    0
 261  325  326  333  332  416  417  424  423    0
 262  326  327  334  333  417  418  425  424    0
 263  327  328  335  334  418  419  426  425    0
 264  329  330  337  336  420  421  428  427    0
 265  330  331  338  337  421  422  429  428    0
 266  331  332  339  338  422  423  430  429    0
 267  332  333  340  339  423  424  431  430    0
 268  333  334  341  340  424  425  432  431    0
 269  334  335  342  341  425  426  433  432    0
 270  336  337  344  343  427  428  435  434    0
 271  337  338  345  344  428  429  436  435    0
 272  338  339  346  345  429  430  437  436    0
 273  339  340  347  346  430  431  438  437    0
 274  340  341  348  347  431  432  439  438    0
 275  341  342  349  348  432  433  440  439    0
 276  343  344  351  350  434  435  442  441    0
 277  344  345  352  351  435  436  443  442    0
 278  345  346  353  352  436  437  444  443    0
 279  346  347  354  353  437  438  445  444    0
 280  347  348  355  354  438  439  446  445    0
 281  348  349  356  355  439  440  447  446    0
 282  350  351  358  357  441  442  449  448    0
 283  351  352  359  358  442  443  450  449    0
 284  352  353  360  359  443  444  451  450    0
 285  353  354  361  360  444  445  452  451    0
 286  354  355  362  361  445  446  453  452    0
 287  355  356  363  362  446  447  454  453    0
node no., coordinates 
0    1.1429    0.0000    0.0000 
1    2.2857    0.0000    0.0000 
2    3.4286    0.0000    0.0000 
3    4.5714    0.0000    0.0000 
4    5.7143    0.0000    0.0000 
5    6.8571    0.0000    0.0000 
6    8.0000    0.0000    0.0000 
7    1.1331    0.1492    0.0000 
8    2.2662    0.2983    0.0000 
9    3.3992    0.4475    0.0000 
10    4.5323    0.5967    0.0000 
11    5.6654    0.7459    0.0000 
12    6.7985    0.8950    0.0000 
13    8.0000    1.0532    0.0000 
14    1.1039    0.2958    0.0000 
15    2.2078    0.5916    0.0000 
16    3.3117    0.8874    0.0000 
17    4.4157    1.1832    0.0000 
18    5.5196    1.4790    0.0000 
19    6.6235    1.7748    0.0000 
20    8.0000    2.1436    0.0000 
21    1.0559    0.4374    0.0000 
22    2.1117    0.8747    0.0000 
23    3.1676    1.3121    0.0000 
24    4.2234    1.7494    0.0000 
25    5.2793    2.1868    0.0000 
26    6.3352    2.6241    0.0000 
27    8.0000    3.3137    0.0000 
28    0.9897    0.5714    0.0000 
29    1.9795    1.1429    0.0000 
30    2.9692    1.7143    0.0000 
31    3.9590    2.2857    0.0000 
32    4.9487    2.8571    0.0000 
33    5.9385    3.4286    0.0000 
34    8.0000    4.6188    0.0000 
35    0.9067    0.6957    0.0000 
36    1.8134    1.3915    0.0000 
37    2.7201    2.0872    0.0000 
38    3.6268    2.7829    0.0000 
39    4.5334    3.4786    0.0000 
40    5.4401    4.1744    0.0000 
41    8.0000    6.1386    0.0000 
42    0.8081    0.8081    0.0000 
43    1.6162    1.6162    0.0000 
44    2.4244    2.4244    0.0000 
45    3.2325    3.2325    0.0000 
46    4.0406    4.0406    0.0000 
47    4.8487    4.8487    0.0000 
48    8.0000    8.0000    0.0000 
49    0.6957    0.9067    0.0000 
50    1.3915    1.8134    0.0000 
51    2.0872    2.7201    0.0000 
52    2.7829    3.6268    0.0000 
53    3.4786    4.5334    0.0000 
54    4.1744    5.4401    0.0000 
55    6.1386    8.0000    0.0000 
56    0.5714    0.9897    0.0000 
57    1.1429    1.9795    0.0000 
58    1.7143    2.9692    0.0000 
59    2.2857    3.9590    0.0000 
60    2.8571    4.9487    0.0000 
61    3.4286    5.9385    0.0000 
62    4.6188    8.0000    0.0000 
63    0.4374    1.0559    0.0000 
64    0.8747    2.1117    0.0000 
65    1.3121    3.1676    0.0000 
66    1.7494    4.2234    0.0000 
67    2.1868    5.2793    0.0000 
68    2.6241    6.3352    0.0000 
69    3.3137    8.0000    0.0000 
70    0.2958    1.1039    0.0000 
71    0.5916    2.2078    0.0000 
72    0.8874    3.3117    0.0000 
73    1.1832    4.4157    0.0000 
74    1.4790    5.5196    0.0000 
75    1.7748    6.6235    0.0000 
76    2.1436    8.0000    0.0000 
77    0.1492    1.1331    0.0000 
78    0.2983    2.2662    0.0000 
79    0.4475    3.3992    0.0000 
80    0.5967    4.5323    0.0000 
81    0.7459    5.6654    0.0000 
82    0.8950    6.7985    0.0000 
83    1.0532    8.0000    0.0000 
84   -0.0000    1.1429    0.0000 
85   -0.0000    2.2857    0.0000 
86   -0.0000    3.4286    0.0000 
87   -0.0000    4.5714    0.0000 
88   -0.0000    5.7143    0.0000 
89   -0.0000    6.8571    0.0000 
90   -0.0000    8.0000    0.0000 
91    1.1429    0.0000    1.0000 
92    2.2857    0.0000    1.0000 
93    3.4286    0.0000    1.0000 
94    4.5714    0.0000    1.0000 
95    5.7143    0.0000    1.0000 
96    6.8571    0.0000    1.0000 
97    8.0000    0.0000    1.0000 
98    1.1331    0.1492    1.0000 
99    2.2662    0.2983    1.0000 
100    3.3992    0.4475    1.0000 
101    4.5323    0.5967    1.0000 
102    5.6654    0.7459    1.0000 
103    6.7985    0.8950    1.0000 
104    8.0000    1.0532    1.0000 
105    1.1039    0.2958    1.0000 
106    2.2078    0.5916    1.0000 
107    3.3117    0.8874    1.0000 
108    4.4157    1.1832    1.0000 
109    5.5196    1.4790    1.0000 
110    6.6235    1.7748    1.0000 
111    8.0000    2.1436    1.0000 
112    1.0559    0.4374    1.0000 
113    2.1117    0.8747    1.0000 
114    3.1676    1.3121    1.0000 
115    4.2234    1.7494    1.0000 
116    5.2793    2.1868    1.0000 
117    6.3352    2.6241    1.0000 
118    8.0000    3.3137    1.0000 
119    0.9897    0.5714    1.0000 
120    1.9795    1.1429    1.0000 
121    2.9692    1.7143    1.0000 
122    3.9590    2.2857    1.0000 
123    4.9487    2.8571    1.0000 
124    5.9385    3.4286    1.0000 
125    8.0000    4.6188    1.0000 
126    0.9067    0.6957    1.0000 
127    1.8134    1.3915    1.0000 
128    2.7201    2.0872    1.0000 
129    3.6268    2.7829    1.0000 
130    4.5334    3.4786    1.0000 
131    5.4401    4.1744    1.0000 
132    8.0000    6.1386    1.0000 
133    0.8081    0.8081    1.0000 
134    1.6162    1.6162    1.0000 
135    2.4244    2.4244    1.0000 
136    3.2325    3.2325    1.0000 
137    4.0406    4.0406    1.0000 
138    4.8487    4.8487    1.0000 
139    8.0000    8.0000    1.0000 
140    0.6957    0.9067    1.0000 
141    1.3915    1.8134    1.0000 
142    2.0872    2.7201    1.0000 
143    2.7829    3.6268    1.0000 
144    3.4786    4.5334    1.0000 
145    4.1744    5.4401    1.0000 
146    6.1386    8.0000    1.0000 
147    0.5714    0.9897    1.0000 
148    1.1429    1.9795    1.0000 
149    1.7143    2.9692    1.0000 
150    2.2857    3.9590    1.0000 
151    2.8571    4.9487    1.0000 
152    3.4286    5.9385    1.0000 
153    4.6188    8.0000    1.0000 
154    0.4374    1.0559    1.0000 
155    0.8747    2.1117    1.0000 
156    1.3121    3.1676    1.0000 
157    1.7494    4.2234    1.0000 
158    2.1868    5.2793    1.0000 
159    2.6241    6.3352    1.0000 
160    3.3137    8.0000    1.0000 
161    0.2958    1.1039    1.0000 
162    0.5916    2.2078    1.0000 
163    0.8874    3.3117    1.0000 
164    1.1832    4.4157    1.0000 
165    1.4790    5.5196    1.0000 
166    1.7748    6.6235    1.0000 
167    2.1436    8.0000    1.0000 
168    0.1492    1.1331    1.0000 
169    0.2983    2.2662    1.0000 
170    0.4475    3.3992    1.0000 
171    0.5967    4.5323    1.0000 
172    0.7459    5.6654    1.0000 
173    0.8950    6.7985    1.0000 
174    1.0532    8.0000    1.0000 
175   -0.0000    1.1429    1.0000 
176   -0.0000    2.2857    1.0000 
177   -0.0000    3.4286    1.0000 
178   -0.0000    4.5714    1.0000 
179   -0.0000    5.7143    1.0000 
180   -0.0000    6.8571    1.0000 
181   -0.0000    8.0000    1.0000 
182    1.1429    0.0000    2.0000 
183    2.2857    0.0000    2.0000 
184    3.4286    0.0000    2.0000 
185    4.5714    0.0000    2.0000 
186    5.7143    0.0000    2.0000 
187    6.8571    0.0000    2.0000 
188    8.0000    0.0000    2.0000 
189    1.1331    0.1492    2.0000 
190    2.2662    0.2983    2.0000 
191    3.3992    0.4475    2.0000 
192    4.5323    0.5967    2.0000 
193    5.6654    0.7459    2.0000 
194    6.7985    0.8950    2.0000 
195    8.0000    1.0532    2.0000 
196    1.1039    0.2958    2.0000 
197    2.2078    0.5916    2.0000 
198    3.3117    0.8874    2.0000 
199    4.4157    1.1832    2.0000 
200    5.5196    1.4790    2.0000 
201    6.6235    1.7748    2.0000 
202    8.0000    2.1436    2.0000 
203    1.0559    0.4374    2.0000 
204    2.1117    0.8747    2.0000 
205    3.1676    1.3121    2.0000 
206    4.2234    1.7494    2.0000 
207    5.2793    2.1868    2.0000 
208    6.3352    2.6241    2.0000 
209    8.0000    3.3137    2.0000 
210    0.9897    0.5714    2.0000 
211    1.9795    1.1429    2.0000 
212    2.9692    1.7143    2.0000 
213    3.9590    2.2857    2.0000 
214    4.9487    2.8571    2.0000 
215    5.9385    3.4286    2.0000 
216    8.0000    4.6188    2.0000 
217    0.9067    0.6957    2.0000 
218    1.8134    1.3915    2.0000 
219    2.7201    2.0872    2.0000 
220    3.6268    2.7829    2.0000 
221    4.5334    3.4786    2.0000 
222    5.4401    4.1744    2.0000 
223    8.0000    6.1386    2.0000 
224    0.8081    0.8081    2.0000 
225    1.6162    1.6162    2.0000 
226    2.4244    2.4244    2.0000 
227    3.2325    3.2325    2.0000 
228    4.0406    4.0406    2.0000 
229    4.8487    4.8487    2.0000 
230    8.0000    8.0000    2.0000 
231    0.6957    0.9067    2.0000 
232    1.3915    1.8134    2.0000 
233    2.0872    2.7201    2.0000 
234    2.7829    3.6268    2.0000 
235    3.4786    4.5334    2.0000 
236    4.1744    5.4401    2.0000 
237    6.1386    8.0000    2.0000 
238    0.5714    0.9897    2.0000 
239    1.1429    1.9795    2.0000 
240    1.7143    2.9692    2.0000 
241    2.2857    3.9590    2.0000 
242    2.8571    4.9487    2.0000 
243    3.4286    5.9385    2.0000 
244    4.6188    8.0000    2.0000 
245    0.4374    1.0559    2.0000 
246    0.8747    2.1117    2.0000 
247    1.3121    3.1676    2.0000 
248    1.7494    4.2234    2.0000 
249    2.1868    5.2793    2.0000 
250    2.6241    6.3352    2.0000 
251    3.3137    8.0000    2.0000 
252    0.2958    1.1039    2.0000 
253    0.5916    2.2078    2.0000 
254    0.8874    3.3117    2.0000 
255    1.1832    4.4157    2.0000 
256    1.4790    5.5196    2.0000 
257    1.7748    6.6235    2.0000 
258    2.1436    8.0000    2.0000 
259    0.1492    1.1331    2.0000 
260    0.2983    2.2662    2.0000 
261    0.4475    3.3992    2.0000 
262    0.5967    4.5323    2.0000 
263    0.7459    5.6654    2.0000 
264    0.8950    6.7985    2.0000 
265    1.0532    8.0000    2.0000 
266   -0.0000    1.1429    2.0000 
267   -0.0000    2.2857    2.0000 
268   -0.0000    3.4286    2.0000 
269   -0.0000    4.5714    2.0000 
270   -0.0000    5.7143    2.0000 
271   -0.0000    6.8571    2.0000 
272   -0.0000    8.0000    2.0000 
273    1.1429    0.0000    3.0000 
274    2.2857    0.0000    3.0000 
275    3.4286    0.0000    3.0000 
276    4.5714    0.0000    3.0000 
277    5.7143    0.0000    3.0000 
278    6.8571    0.0000    3.0000 
279    8.0000    0.0000    3.0000 
280    1.1331    0.1492    3.0000 
281    2.2662    0.2983    3.0000 
282    3.3992    0.4475    3.0000 
283    4.5323    0.5967    3.0000 
284    5.6654    0.7459    3.0000 
285    6.7985    0.8950    3.0000 
286    8.0000    1.0532    3.0000 
287    1.1039    0.2958    3.0000 
288    2.2078    0.5916    3.0000 
289    3.3117    0.8874    3.0000 
290    4.4157    1.1832    3.0000 
291    5.5196    1.4790    3.0000 
292    6.6235    1.7748    3.0000 
293    8.0000    2.1436    3.0000 
294    1.0559    0.4374    3.0000 
295    2.1117    0.8747    3.0000 
296    3.1676    1.3121    3.0000 
297    4.2234    1.7494    3.0000 
298    5.2793    2.1868    3.0000 
299    6.3352    2.6241    3.0000 
300    8.0000    3.3137    3.0000 
301    0.9897    0.5714    3.0000 
302    1.9795    1.1429    3.0000 
303    2.9692    1.7143    3.0000 
304    3.9590    2.2857    3.0000 
305    4.9487    2.8571    3.0000 
306    5.9385    3.4286    3.0000 
307    8.0000    4.6188    3.0000 
308    0.9067    0.6957    3.0000 
309    1.8134    1.3915    3.0000 
310    2.7201    2.0872    3.0000 
311    3.6268    2.7829    3.0000 
312    4.5334    3.4786    3.0000 
313    5.4401    4.1744    3.0000 
314    8.0000    6.1386    3.0000 
315    0.8081    0.8081    3.0000 
316    1.6162    1.6162    3.0000 
317    2.4244    2.4244    3.0000 
318    3.2325    3.2325    3.0000 
319    4.0406    4.0406    3.0000 
320    4.8487    4.8487    3.0000 
321    8.0000    8.0000    3.0000 
322    0.6957    0.9067    3.0000 
323    1.3915    1.8134    3.0000 
324    2.0872    2.7201    3.0000 
325    2.7829    3.6268    3.0000 
326    3.4786    4.5334    3.0000 
327    4.1744    5.4401    3.0000 
328    6.1386    8.0000    3.0000 
329    0.5714    0.9897    3.0000 
330    1.1429    1.9795    3.0000 
331    1.7143    2.9692    3.0000 
332    2.2857    3.9590    3.0000 
333    2.8571    4.9487    3.0000 
334    3.4286    5.9385    3.0000 
335    4.6188    8.0000    3.0000 
336    0.4374    1.0559    3.0000 
337    0.8747    2.1117    3.0000 
338    1.3121    3.1676    3.0000 
339    1.7494    4.2234    3.0000 
340    2.1868    5.2793    3.0000 
341    2.6241    6.3352    3.0000 
342    3.3137    8.0000    3.0000 
343    0.2958    1.1039    3.0000 
344    0.5916    2.2078    3.0000 
345    0.8874    3.3117    3.0000 
346    1.1832    4.4157    3.0000 
347    1.4790    5.5196    3.0000 
348    1.7748    6.6235    3.0000 
349    2.1436    8.0000    3.0000 
350    0.1492    1.1331    3.0000 
351    0.2983    2.2662    3.0000 
352    0.4475    3.3992    3.0000 
353    0.5967    4.5323    3.0000 
354    0.7459    5.6654    3.0000 
355    0.8950    6.7985    3.0000 
356    1.0532    8.0000    3.0000 
357   -0.0000    1.1429    3.0000 
358   -0.0000    2.2857    3.0000 
359   -0.0000    3.4286    3.0000 
360   -0.0000    4.5714    3.0000 
361   -0.0000    5.7143    3.0000 
362   -0.0000    6.8571    3.0000 
363   -0.0000    8.0000    3.0000 
364    1.1429    0.0000    4.0000 
365    2.2857    0.0000    4.0000 
366    3.4286    0.0000    4.0000 
367    4.5714    0.0000    4.0000 
368    5.7143    0.0000    4.0000 
369    6.8571    0.0000    4.0000 
370    8.0000    0.0000    4.0000 
371    1.1331    0.1492    4.0000 
372    2.2662    0.2983    4.0000 
373    3.3992    0.4475    4.0000 
374    4.5323    0.5967    4.0000 
375    5.6654    0.7459    4.0000 
376    6.7985    0.8950    4.0000 
377    8.0000    1.0532    4.0000 
378    1.1039    0.2958    4.0000 
379    2.2078    0.5916    4.0000 
380    3.3117    0.8874    4.0000 
381    4.4157    1.1832    4.0000 
382    5.5196    1.4790    4.0000 
383    6.6235    1.7748    4.0000 
384    8.0000    2.1436    4.0000 
385    1.0559    0.4374    4.0000 
386    2.1117    0.8747    4.0000 
387    3.1676    1.3121    4.0000 
388    4.2234    1.7494    4.0000 
389    5.2793    2.1868    4.0000 
390    6.3352    2.6241    4.0000 
391    8.0000    3.3137    4.0000 
392    0.9897    0.5714    4.0000 
393    1.9795    1.1429    4.0000 
394    2.9692    1.7143    4.0000 
395    3.9590    2.2857    4.0000 
396    4.9487    2.8571    4.0000 
397    5.9385    3.4286    4.0000 
398    8.0000    4.6188    4.0000 
399    0.9067    0.6957    4.0000 
400    1.8134    1.3915    4.0000 
401    2.7201    2.0872    4.0000 
402    3.6268    2.7829    4.0000 
403    4.5334    3.4786    4.0000 
404    5.4401    4.1744    4.0000 
405    8.0000    6.1386    4.0000 
406    0.8081    0.8081    4.0000 
407    1.6162    1.6162    4.0000 
408    2.4244    2.4244    4.0000 
409    3.2325    3.2325    4.0000 
410    4.0406    4.0406    4.0000 
411    4.8487    4.8487    4.0000 
412    8.0000    8.0000    4.0000 
413    0.6957    0.9067    4.0000 
414    1.3915    1.8134    4.0000 
415    2.0872    2.7201    4.0000 
416    2.7829    3.6268    4.0000 
417    3.4786    4.5334    4.0000 
418    4.1744    5.4401    4.0000 
419    6.1386    8.0000    4.0000 
420    0.5714    0.9897    4.0000 
421    1.1429    1.9795    4.0000 
422    1.7143    2.9692    4.0000 
423    2.2857    3.9590    4.0000 
424    2.8571    4.9487    4.0000 
425    3.4286    5.9385    4.0000 
426    4.6188    8.0000    4.0000 
427    0.4374    1.0559    4.0000 
428    0.8747    2.1117    4.0000 
429    1.3121    3.1676    4.0000 
430    1.7494    4.2234    4.0000 
431    2.1868    5.2793    4.0000 
432    2.6241    6.3352    4.0000 
433    3.3137    8.0000    4.0000 
434    0.2958    1.1039    4.0000 
435    0.5916    2.2078    4.0000 
436    0.8874    3.3117    4.0000 
437    1.1832    4.4157    4.0000 
438    1.4790    5.5196    4.0000 
439    1.7748    6.6235    4.0000 
440    2.1436    8.0000    4.0000 
441    0.1492    1.1331    4.0000 
442    0.2983    2.2662    4.0000 
443    0.4475    3.3992    4.0000 
444    0.5967    4.5323    4.0000 
445    0.7459    5.6654    4.0000 
446    0.8950    6.7985    4.0000 
447    1.0532    8.0000    4.0000 
448   -0.0000    1.1429    4.0000 
449   -0.0000    2.2857    4.0000 
450   -0.0000    3.4286    4.0000 
451   -0.0000    4.5714    4.0000 
452   -0.0000    5.7143    4.0000 
453   -0.0000    6.8571    4.0000 
454   -0.0000    8.0000    4.0000 
prescribed displacement x: node  disp value
  84   0.000000e+00
  85   0.000000e+00
  86   0.000000e+00
  87   0.000000e+00
  88   0.000000e+00
  89   0.000000e+00
  90   0.000000e+00
 175   0.000000e+00
 176   0.000000e+00
 177   0.000000e+00
 178   0.000000e+00
 179   0.000000e+00
 180   0.000000e+00
 181   0.000000e+00
 266   0.000000e+00
 267   0.000000e+00
 268   0.000000e+00
 269   0.000000e+00
 270   0.000000e+00
 271   0.000000e+00
 272   0.000000e+00
 357   0.000000e+00
 358   0.000000e+00
 359   0.000000e+00
 360   0.000000e+00
 361   0.000000e+00
 362   0.000000e+00
 363   0.000000e+00
 448   0.000000e+00
 449   0.000000e+00
 450   0.000000e+00
 451   0.000000e+00
 452   0.000000e+00
 453   0.000000e+00
 454   0.000000e+00
 -10
 prescribed displacement y: node  disp value
   0   0.000000e+00
   1   0.000000e+00
   2   0.000000e+00
   3   0.000000e+00
   4   0.000000e+00
   5   0.000000e+00
   6   0.000000e+00
  91   0.000000e+00
  92   0.000000e+00
  93   0.000000e+00
  94   0.000000e+00
  95   0.000000e+00
  96   0.000000e+00
  97   0.000000e+00
 182   0.000000e+00
 183   0.000000e+00
 184   0.000000e+00
 185   0.000000e+00
 186   0.000000e+00
 187   0.000000e+00
 188   0.000000e+00
 273   0.000000e+00
 274   0.000000e+00
 275   0.000000e+00
 276   0.000000e+00
 277   0.000000e+00
 278   0.000000e+00
 279   0.000000e+00
 364   0.000000e+00
 365   0.000000e+00
 366   0.000000e+00
 367   0.000000e+00
 368   0.000000e+00
 369   0.000000e+00
 370   0.000000e+00
 -10
 prescribed displacement z: node  disp value
   0   0.000000e+00
 -10
 node with point load and load vector in x,y
   6   5.000000e+04   0.000000e+00   0.000000e+00
  13   5.000000e+04   0.000000e+00   0.000000e+00
  20   5.000000e+04   0.000000e+00   0.000000e+00
  27   5.000000e+04   0.000000e+00   0.000000e+00
  34   5.000000e+04   0.000000e+00   0.000000e+00
  41   5.000000e+04   0.000000e+00   0.000000e+00
  48   5.000000e+04   0.000000e+00   0.000000e+00
  97   5.000000e+04   0.000000e+00   0.000000e+00
 104   5.000000e+04   0.000000e+00   0.000000e+00
 111   5.000000e+04   0.000000e+00   0.000000e+00
 118   5.000000e+04   0.000000e+00   0.000000e+00
 125   5.000000e+04   0.000000e+00   0.000000e+00
 132   5.000000e+04   0.000000e+00   0.000000e+00
 139   5.000000e+04   0.000000e+00   0.000000e+00
 188   5.000000e+04   0.000000e+00   0.000000e+00
 195   5.000000e+04   0.000000e+00   0.000000e+00
 202   5.000000e+04   0.000000e+00   0.000000e+00
 209   5.000000e+04   0.000000e+00   0.000000e+00
 216   5.000000e+04   0.000000e+00   0.000000e+00
 223   5.000000e+04   0.000000e+00   0.000000e+00
 230   5.000000e+04   0.000000e+00   0.000000e+00
 279   5.000000e+04   0.000000e+00   0.000000e+00
 286   5.000000e+04   0.000000e+00   0.000000e+00
 293   5.000000e+04   0.000000e+00   0.000000e+00
 300   5.000000e+04   0.000000e+00   0.000000e+00
 307   5.000000e+04   0.000000e+00   0.000000e+00
 314   5.000000e+04   0.000000e+00   0.000000e+00
 321   5.000000e+04   0.000000e+00   0.000000e+00
 370   5.000000e+04   0.000000e+00   0.000000e+00
 377   5.000000e+04   0.000000e+00   0.000000e+00
 384   5.000000e+04   0.000000e+00   0.000000e+00
 391   5.000000e+04   0.000000e+00   0.000000e+00
 398   5.000000e+04   0.000000e+00   0.000000e+00
 405   5.000000e+04   0.000000e+00   0.000000e+00
 412   5.000000e+04   0.000000e+00   0.000000e+00
 -10
node no. with stress and stress vector in xx,yy,zz,xy,zx,yz
 -10 

Length of one side: 8.0
Elements on one side: 6
Length of the cylinder height: 5
Elements on the cylinder height: 5
Angle(in degrees) between rays: 7.5

