   numel numnp nmat nmode  (This is for a bullet)
100 121 1 0
matl no., E modulus, Poisson Ratio, density
0   100000000.0000           0.2700        2770.0000
el no.,connectivity, matl no
   0     0    1    2   11   12   13    0
   1     0    2    3   11   13   14    0
   2     0    3    4   11   14   15    0
   3     0    4    5   11   15   16    0
   4     0    5    6   11   16   17    0
   5     0    6    7   11   17   18    0
   6     0    7    8   11   18   19    0
   7     0    8    9   11   19   20    0
   8     0    9   10   11   20   21    0
   9     0   10    1   11   21   12    0
  10    11   12   13   22   23   24    0
  11    11   13   14   22   24   25    0
  12    11   14   15   22   25   26    0
  13    11   15   16   22   26   27    0
  14    11   16   17   22   27   28    0
  15    11   17   18   22   28   29    0
  16    11   18   19   22   29   30    0
  17    11   19   20   22   30   31    0
  18    11   20   21   22   31   32    0
  19    11   21   12   22   32   23    0
  20    22   23   24   33   34   35    0
  21    22   24   25   33   35   36    0
  22    22   25   26   33   36   37    0
  23    22   26   27   33   37   38    0
  24    22   27   28   33   38   39    0
  25    22   28   29   33   39   40    0
  26    22   29   30   33   40   41    0
  27    22   30   31   33   41   42    0
  28    22   31   32   33   42   43    0
  29    22   32   23   33   43   34    0
  30    33   34   35   44   45   46    0
  31    33   35   36   44   46   47    0
  32    33   36   37   44   47   48    0
  33    33   37   38   44   48   49    0
  34    33   38   39   44   49   50    0
  35    33   39   40   44   50   51    0
  36    33   40   41   44   51   52    0
  37    33   41   42   44   52   53    0
  38    33   42   43   44   53   54    0
  39    33   43   34   44   54   45    0
  40    44   45   46   55   56   57    0
  41    44   46   47   55   57   58    0
  42    44   47   48   55   58   59    0
  43    44   48   49   55   59   60    0
  44    44   49   50   55   60   61    0
  45    44   50   51   55   61   62    0
  46    44   51   52   55   62   63    0
  47    44   52   53   55   63   64    0
  48    44   53   54   55   64   65    0
  49    44   54   45   55   65   56    0
  50    55   56   57   66   67   68    0
  51    55   57   58   66   68   69    0
  52    55   58   59   66   69   70    0
  53    55   59   60   66   70   71    0
  54    55   60   61   66   71   72    0
  55    55   61   62   66   72   73    0
  56    55   62   63   66   73   74    0
  57    55   63   64   66   74   75    0
  58    55   64   65   66   75   76    0
  59    55   65   56   66   76   67    0
  60    66   67   68   77   78   79    0
  61    66   68   69   77   79   80    0
  62    66   69   70   77   80   81    0
  63    66   70   71   77   81   82    0
  64    66   71   72   77   82   83    0
  65    66   72   73   77   83   84    0
  66    66   73   74   77   84   85    0
  67    66   74   75   77   85   86    0
  68    66   75   76   77   86   87    0
  69    66   76   67   77   87   78    0
  70    77   78   79   88   89   90    0
  71    77   79   80   88   90   91    0
  72    77   80   81   88   91   92    0
  73    77   81   82   88   92   93    0
  74    77   82   83   88   93   94    0
  75    77   83   84   88   94   95    0
  76    77   84   85   88   95   96    0
  77    77   85   86   88   96   97    0
  78    77   86   87   88   97   98    0
  79    77   87   78   88   98   89    0
  80    88   89   90   99  100  101    0
  81    88   90   91   99  101  102    0
  82    88   91   92   99  102  103    0
  83    88   92   93   99  103  104    0
  84    88   93   94   99  104  105    0
  85    88   94   95   99  105  106    0
  86    88   95   96   99  106  107    0
  87    88   96   97   99  107  108    0
  88    88   97   98   99  108  109    0
  89    88   98   89   99  109  100    0
  90    99  100  101  110  111  112    0
  91    99  101  102  110  112  113    0
  92    99  102  103  110  113  114    0
  93    99  103  104  110  114  115    0
  94    99  104  105  110  115  116    0
  95    99  105  106  110  116  117    0
  96    99  106  107  110  117  118    0
  97    99  107  108  110  118  119    0
  98    99  108  109  110  119  120    0
  99    99  109  100  110  120  111    0
node no. coordinates
   0    0.00000   0.00000   0.00000 
   1    0.00000   0.15000   0.41110 
   2    0.24164   0.15000   0.33258 
   3    0.39098   0.15000   0.12704 
   4    0.39098   0.15000  -0.12704 
   5    0.24164   0.15000  -0.33258 
   6    0.00000   0.15000  -0.41110 
   7   -0.24164   0.15000  -0.33258 
   8   -0.39098   0.15000  -0.12704 
   9   -0.39098   0.15000   0.12704 
  10   -0.24164   0.15000   0.33258 
  11    0.00000   0.30000   0.00000 
  12    0.00000   0.30000   0.58138 
  13    0.34173   0.30000   0.47034 
  14    0.55292   0.30000   0.17966 
  15    0.55292   0.30000  -0.17966 
  16    0.34173   0.30000  -0.47034 
  17    0.00000   0.30000  -0.58138 
  18   -0.34173   0.30000  -0.47034 
  19   -0.55292   0.30000  -0.17966 
  20   -0.55292   0.30000   0.17966 
  21   -0.34173   0.30000   0.47034 
  22    0.00000   0.60000   0.00000 
  23    0.00000   0.60000   0.82219 
  24    0.48327   0.60000   0.66517 
  25    0.78195   0.60000   0.25407 
  26    0.78195   0.60000  -0.25407 
  27    0.48327   0.60000  -0.66517 
  28    0.00000   0.60000  -0.82219 
  29   -0.48327   0.60000  -0.66517 
  30   -0.78195   0.60000  -0.25407 
  31   -0.78195   0.60000   0.25407 
  32   -0.48327   0.60000   0.66517 
  33    0.00000   0.90000   0.00000 
  34    0.00000   0.90000   1.00698 
  35    0.59189   0.90000   0.81466 
  36    0.95769   0.90000   0.31117 
  37    0.95769   0.90000  -0.31117 
  38    0.59189   0.90000  -0.81466 
  39    0.00000   0.90000  -1.00698 
  40   -0.59189   0.90000  -0.81466 
  41   -0.95769   0.90000  -0.31117 
  42   -0.95769   0.90000   0.31117 
  43   -0.59189   0.90000   0.81466 
  44    0.00000   1.20000   0.00000 
  45    0.00000   1.20000   1.16276 
  46    0.68345   1.20000   0.94069 
  47    1.10585   1.20000   0.35931 
  48    1.10585   1.20000  -0.35931 
  49    0.68345   1.20000  -0.94069 
  50    0.00000   1.20000  -1.16276 
  51   -0.68345   1.20000  -0.94069 
  52   -1.10585   1.20000  -0.35931 
  53   -1.10585   1.20000   0.35931 
  54   -0.68345   1.20000   0.94069 
  55    0.00000   1.50000   0.00000 
  56    0.00000   1.50000   1.30000 
  57    0.76412   1.50000   1.05172 
  58    1.23637   1.50000   0.40172 
  59    1.23637   1.50000  -0.40172 
  60    0.76412   1.50000  -1.05172 
  61    0.00000   1.50000  -1.30000 
  62   -0.76412   1.50000  -1.05172 
  63   -1.23637   1.50000  -0.40172 
  64   -1.23637   1.50000   0.40172 
  65   -0.76412   1.50000   1.05172 
  66    0.00000   2.60000   0.00000 
  67    0.00000   2.60000   1.30000 
  68    0.76412   2.60000   1.05172 
  69    1.23637   2.60000   0.40172 
  70    1.23637   2.60000  -0.40172 
  71    0.76412   2.60000  -1.05172 
  72    0.00000   2.60000  -1.30000 
  73   -0.76412   2.60000  -1.05172 
  74   -1.23637   2.60000  -0.40172 
  75   -1.23637   2.60000   0.40172 
  76   -0.76412   2.60000   1.05172 
  77    0.00000   3.40000   0.00000 
  78    0.00000   3.40000   1.30000 
  79    0.76412   3.40000   1.05172 
  80    1.23637   3.40000   0.40172 
  81    1.23637   3.40000  -0.40172 
  82    0.76412   3.40000  -1.05172 
  83    0.00000   3.40000  -1.30000 
  84   -0.76412   3.40000  -1.05172 
  85   -1.23637   3.40000  -0.40172 
  86   -1.23637   3.40000   0.40172 
  87   -0.76412   3.40000   1.05172 
  88    0.00000   4.20000   0.00000 
  89    0.00000   4.20000   1.30000 
  90    0.76412   4.20000   1.05172 
  91    1.23637   4.20000   0.40172 
  92    1.23637   4.20000  -0.40172 
  93    0.76412   4.20000  -1.05172 
  94    0.00000   4.20000  -1.30000 
  95   -0.76412   4.20000  -1.05172 
  96   -1.23637   4.20000  -0.40172 
  97   -1.23637   4.20000   0.40172 
  98   -0.76412   4.20000   1.05172 
  99    0.00000   5.00000   0.00000 
 100    0.00000   5.00000   1.30000 
 101    0.76412   5.00000   1.05172 
 102    1.23637   5.00000   0.40172 
 103    1.23637   5.00000  -0.40172 
 104    0.76412   5.00000  -1.05172 
 105    0.00000   5.00000  -1.30000 
 106   -0.76412   5.00000  -1.05172 
 107   -1.23637   5.00000  -0.40172 
 108   -1.23637   5.00000   0.40172 
 109   -0.76412   5.00000   1.05172 
 110    0.00000   5.80000   0.00000 
 111    0.00000   5.80000   1.30000 
 112    0.76412   5.80000   1.05172 
 113    1.23637   5.80000   0.40172 
 114    1.23637   5.80000  -0.40172 
 115    0.76412   5.80000  -1.05172 
 116    0.00000   5.80000  -1.30000 
 117   -0.76412   5.80000  -1.05172 
 118   -1.23637   5.80000  -0.40172 
 119   -1.23637   5.80000   0.40172 
 120   -0.76412   5.80000   1.05172 
prescribed displacement x: node  disp value
   0   0.0
   1   0.0
 -10
 prescribed displacement y: node  disp value
   0   0.0
   1   0.0
   2   0.0
   3   0.0
   4   0.0
   5   0.0
   6   0.0
   7   0.0
   8   0.0
   9   0.0
  10   0.0
 -10
 prescribed displacement z: node  disp value
   0   0.0
 -10
 node with point load and load vector in x,y,z
 110    0.0  -10.0e3  0.0
 111    0.0  -10.0e3  0.0
 112    0.0  -10.0e3  0.0
 113    0.0  -10.0e3  0.0
 114    0.0  -10.0e3  0.0
 115    0.0  -10.0e3  0.0
 116    0.0  -10.0e3  0.0
 117    0.0  -10.0e3  0.0
 118    0.0  -10.0e3  0.0
 119    0.0  -10.0e3  0.0
 120    0.0  -10.0e3  0.0
 -10
 node no. with stress and stress vector xx,yy,xy,zx,yz
 -10 
