   numel numnp nmat nmode   (This is for a wedge spring)
630 704 1 0
matl no., E modulus, Poisson Ratio, density
0     1000000.0000           0.2700        2770.0000
el no.,connectivity, matl no.
   0      0    2    1   11   13   12    0
   1      0    3    2   11   14   13    0
   2      0    4    3   11   15   14    0
   3      0    5    4   11   16   15    0
   4      0    6    5   11   17   16    0
   5      0    7    6   11   18   17    0
   6      0    8    7   11   19   18    0
   7      0    9    8   11   20   19    0
   8      0   10    9   11   21   20    0
   9      0    1   10   11   12   21    0
  10     11   13   12   22   24   23    0
  11     11   14   13   22   25   24    0
  12     11   15   14   22   26   25    0
  13     11   16   15   22   27   26    0
  14     11   17   16   22   28   27    0
  15     11   18   17   22   29   28    0
  16     11   19   18   22   30   29    0
  17     11   20   19   22   31   30    0
  18     11   21   20   22   32   31    0
  19     11   12   21   22   23   32    0
  20     22   24   23   33   35   34    0
  21     22   25   24   33   36   35    0
  22     22   26   25   33   37   36    0
  23     22   27   26   33   38   37    0
  24     22   28   27   33   39   38    0
  25     22   29   28   33   40   39    0
  26     22   30   29   33   41   40    0
  27     22   31   30   33   42   41    0
  28     22   32   31   33   43   42    0
  29     22   23   32   33   34   43    0
  30     33   35   34   44   46   45    0
  31     33   36   35   44   47   46    0
  32     33   37   36   44   48   47    0
  33     33   38   37   44   49   48    0
  34     33   39   38   44   50   49    0
  35     33   40   39   44   51   50    0
  36     33   41   40   44   52   51    0
  37     33   42   41   44   53   52    0
  38     33   43   42   44   54   53    0
  39     33   34   43   44   45   54    0
  40     44   46   45   55   57   56    0
  41     44   47   46   55   58   57    0
  42     44   48   47   55   59   58    0
  43     44   49   48   55   60   59    0
  44     44   50   49   55   61   60    0
  45     44   51   50   55   62   61    0
  46     44   52   51   55   63   62    0
  47     44   53   52   55   64   63    0
  48     44   54   53   55   65   64    0
  49     44   45   54   55   56   65    0
  50     55   57   56   66   68   67    0
  51     55   58   57   66   69   68    0
  52     55   59   58   66   70   69    0
  53     55   60   59   66   71   70    0
  54     55   61   60   66   72   71    0
  55     55   62   61   66   73   72    0
  56     55   63   62   66   74   73    0
  57     55   64   63   66   75   74    0
  58     55   65   64   66   76   75    0
  59     55   56   65   66   67   76    0
  60     66   68   67   77   79   78    0
  61     66   69   68   77   80   79    0
  62     66   70   69   77   81   80    0
  63     66   71   70   77   82   81    0
  64     66   72   71   77   83   82    0
  65     66   73   72   77   84   83    0
  66     66   74   73   77   85   84    0
  67     66   75   74   77   86   85    0
  68     66   76   75   77   87   86    0
  69     66   67   76   77   78   87    0
  70     77   79   78   88   90   89    0
  71     77   80   79   88   91   90    0
  72     77   81   80   88   92   91    0
  73     77   82   81   88   93   92    0
  74     77   83   82   88   94   93    0
  75     77   84   83   88   95   94    0
  76     77   85   84   88   96   95    0
  77     77   86   85   88   97   96    0
  78     77   87   86   88   98   97    0
  79     77   78   87   88   89   98    0
  80     88   90   89   99  101  100    0
  81     88   91   90   99  102  101    0
  82     88   92   91   99  103  102    0
  83     88   93   92   99  104  103    0
  84     88   94   93   99  105  104    0
  85     88   95   94   99  106  105    0
  86     88   96   95   99  107  106    0
  87     88   97   96   99  108  107    0
  88     88   98   97   99  109  108    0
  89     88   89   98   99  100  109    0
  90     99  101  100  110  112  111    0
  91     99  102  101  110  113  112    0
  92     99  103  102  110  114  113    0
  93     99  104  103  110  115  114    0
  94     99  105  104  110  116  115    0
  95     99  106  105  110  117  116    0
  96     99  107  106  110  118  117    0
  97     99  108  107  110  119  118    0
  98     99  109  108  110  120  119    0
  99     99  100  109  110  111  120    0
 100    110  112  111  121  123  122    0
 101    110  113  112  121  124  123    0
 102    110  114  113  121  125  124    0
 103    110  115  114  121  126  125    0
 104    110  116  115  121  127  126    0
 105    110  117  116  121  128  127    0
 106    110  118  117  121  129  128    0
 107    110  119  118  121  130  129    0
 108    110  120  119  121  131  130    0
 109    110  111  120  121  122  131    0
 110    121  123  122  132  134  133    0
 111    121  124  123  132  135  134    0
 112    121  125  124  132  136  135    0
 113    121  126  125  132  137  136    0
 114    121  127  126  132  138  137    0
 115    121  128  127  132  139  138    0
 116    121  129  128  132  140  139    0
 117    121  130  129  132  141  140    0
 118    121  131  130  132  142  141    0
 119    121  122  131  132  133  142    0
 120    132  134  133  143  145  144    0
 121    132  135  134  143  146  145    0
 122    132  136  135  143  147  146    0
 123    132  137  136  143  148  147    0
 124    132  138  137  143  149  148    0
 125    132  139  138  143  150  149    0
 126    132  140  139  143  151  150    0
 127    132  141  140  143  152  151    0
 128    132  142  141  143  153  152    0
 129    132  133  142  143  144  153    0
 130    143  145  144  154  156  155    0
 131    143  146  145  154  157  156    0
 132    143  147  146  154  158  157    0
 133    143  148  147  154  159  158    0
 134    143  149  148  154  160  159    0
 135    143  150  149  154  161  160    0
 136    143  151  150  154  162  161    0
 137    143  152  151  154  163  162    0
 138    143  153  152  154  164  163    0
 139    143  144  153  154  155  164    0
 140    154  156  155  165  167  166    0
 141    154  157  156  165  168  167    0
 142    154  158  157  165  169  168    0
 143    154  159  158  165  170  169    0
 144    154  160  159  165  171  170    0
 145    154  161  160  165  172  171    0
 146    154  162  161  165  173  172    0
 147    154  163  162  165  174  173    0
 148    154  164  163  165  175  174    0
 149    154  155  164  165  166  175    0
 150    165  167  166  176  178  177    0
 151    165  168  167  176  179  178    0
 152    165  169  168  176  180  179    0
 153    165  170  169  176  181  180    0
 154    165  171  170  176  182  181    0
 155    165  172  171  176  183  182    0
 156    165  173  172  176  184  183    0
 157    165  174  173  176  185  184    0
 158    165  175  174  176  186  185    0
 159    165  166  175  176  177  186    0
 160    176  178  177  187  189  188    0
 161    176  179  178  187  190  189    0
 162    176  180  179  187  191  190    0
 163    176  181  180  187  192  191    0
 164    176  182  181  187  193  192    0
 165    176  183  182  187  194  193    0
 166    176  184  183  187  195  194    0
 167    176  185  184  187  196  195    0
 168    176  186  185  187  197  196    0
 169    176  177  186  187  188  197    0
 170    187  189  188  198  200  199    0
 171    187  190  189  198  201  200    0
 172    187  191  190  198  202  201    0
 173    187  192  191  198  203  202    0
 174    187  193  192  198  204  203    0
 175    187  194  193  198  205  204    0
 176    187  195  194  198  206  205    0
 177    187  196  195  198  207  206    0
 178    187  197  196  198  208  207    0
 179    187  188  197  198  199  208    0
 180    198  200  199  209  211  210    0
 181    198  201  200  209  212  211    0
 182    198  202  201  209  213  212    0
 183    198  203  202  209  214  213    0
 184    198  204  203  209  215  214    0
 185    198  205  204  209  216  215    0
 186    198  206  205  209  217  216    0
 187    198  207  206  209  218  217    0
 188    198  208  207  209  219  218    0
 189    198  199  208  209  210  219    0
 190    209  211  210  220  222  221    0
 191    209  212  211  220  223  222    0
 192    209  213  212  220  224  223    0
 193    209  214  213  220  225  224    0
 194    209  215  214  220  226  225    0
 195    209  216  215  220  227  226    0
 196    209  217  216  220  228  227    0
 197    209  218  217  220  229  228    0
 198    209  219  218  220  230  229    0
 199    209  210  219  220  221  230    0
 200    220  222  221  231  233  232    0
 201    220  223  222  231  234  233    0
 202    220  224  223  231  235  234    0
 203    220  225  224  231  236  235    0
 204    220  226  225  231  237  236    0
 205    220  227  226  231  238  237    0
 206    220  228  227  231  239  238    0
 207    220  229  228  231  240  239    0
 208    220  230  229  231  241  240    0
 209    220  221  230  231  232  241    0
 210    231  233  232  242  244  243    0
 211    231  234  233  242  245  244    0
 212    231  235  234  242  246  245    0
 213    231  236  235  242  247  246    0
 214    231  237  236  242  248  247    0
 215    231  238  237  242  249  248    0
 216    231  239  238  242  250  249    0
 217    231  240  239  242  251  250    0
 218    231  241  240  242  252  251    0
 219    231  232  241  242  243  252    0
 220    242  244  243  253  255  254    0
 221    242  245  244  253  256  255    0
 222    242  246  245  253  257  256    0
 223    242  247  246  253  258  257    0
 224    242  248  247  253  259  258    0
 225    242  249  248  253  260  259    0
 226    242  250  249  253  261  260    0
 227    242  251  250  253  262  261    0
 228    242  252  251  253  263  262    0
 229    242  243  252  253  254  263    0
 230    253  255  254  264  266  265    0
 231    253  256  255  264  267  266    0
 232    253  257  256  264  268  267    0
 233    253  258  257  264  269  268    0
 234    253  259  258  264  270  269    0
 235    253  260  259  264  271  270    0
 236    253  261  260  264  272  271    0
 237    253  262  261  264  273  272    0
 238    253  263  262  264  274  273    0
 239    253  254  263  264  265  274    0
 240    264  266  265  275  277  276    0
 241    264  267  266  275  278  277    0
 242    264  268  267  275  279  278    0
 243    264  269  268  275  280  279    0
 244    264  270  269  275  281  280    0
 245    264  271  270  275  282  281    0
 246    264  272  271  275  283  282    0
 247    264  273  272  275  284  283    0
 248    264  274  273  275  285  284    0
 249    264  265  274  275  276  285    0
 250    275  277  276  286  288  287    0
 251    275  278  277  286  289  288    0
 252    275  279  278  286  290  289    0
 253    275  280  279  286  291  290    0
 254    275  281  280  286  292  291    0
 255    275  282  281  286  293  292    0
 256    275  283  282  286  294  293    0
 257    275  284  283  286  295  294    0
 258    275  285  284  286  296  295    0
 259    275  276  285  286  287  296    0
 260    286  288  287  297  299  298    0
 261    286  289  288  297  300  299    0
 262    286  290  289  297  301  300    0
 263    286  291  290  297  302  301    0
 264    286  292  291  297  303  302    0
 265    286  293  292  297  304  303    0
 266    286  294  293  297  305  304    0
 267    286  295  294  297  306  305    0
 268    286  296  295  297  307  306    0
 269    286  287  296  297  298  307    0
 270    297  299  298  308  310  309    0
 271    297  300  299  308  311  310    0
 272    297  301  300  308  312  311    0
 273    297  302  301  308  313  312    0
 274    297  303  302  308  314  313    0
 275    297  304  303  308  315  314    0
 276    297  305  304  308  316  315    0
 277    297  306  305  308  317  316    0
 278    297  307  306  308  318  317    0
 279    297  298  307  308  309  318    0
 280    308  310  309  319  321  320    0
 281    308  311  310  319  322  321    0
 282    308  312  311  319  323  322    0
 283    308  313  312  319  324  323    0
 284    308  314  313  319  325  324    0
 285    308  315  314  319  326  325    0
 286    308  316  315  319  327  326    0
 287    308  317  316  319  328  327    0
 288    308  318  317  319  329  328    0
 289    308  309  318  319  320  329    0
 290    319  321  320  330  332  331    0
 291    319  322  321  330  333  332    0
 292    319  323  322  330  334  333    0
 293    319  324  323  330  335  334    0
 294    319  325  324  330  336  335    0
 295    319  326  325  330  337  336    0
 296    319  327  326  330  338  337    0
 297    319  328  327  330  339  338    0
 298    319  329  328  330  340  339    0
 299    319  320  329  330  331  340    0
 300    330  332  331  341  343  342    0
 301    330  333  332  341  344  343    0
 302    330  334  333  341  345  344    0
 303    330  335  334  341  346  345    0
 304    330  336  335  341  347  346    0
 305    330  337  336  341  348  347    0
 306    330  338  337  341  349  348    0
 307    330  339  338  341  350  349    0
 308    330  340  339  341  351  350    0
 309    330  331  340  341  342  351    0
 310    341  343  342  352  354  353    0
 311    341  344  343  352  355  354    0
 312    341  345  344  352  356  355    0
 313    341  346  345  352  357  356    0
 314    341  347  346  352  358  357    0
 315    341  348  347  352  359  358    0
 316    341  349  348  352  360  359    0
 317    341  350  349  352  361  360    0
 318    341  351  350  352  362  361    0
 319    341  342  351  352  353  362    0
 320    352  354  353  363  365  364    0
 321    352  355  354  363  366  365    0
 322    352  356  355  363  367  366    0
 323    352  357  356  363  368  367    0
 324    352  358  357  363  369  368    0
 325    352  359  358  363  370  369    0
 326    352  360  359  363  371  370    0
 327    352  361  360  363  372  371    0
 328    352  362  361  363  373  372    0
 329    352  353  362  363  364  373    0
 330    363  365  364  374  376  375    0
 331    363  366  365  374  377  376    0
 332    363  367  366  374  378  377    0
 333    363  368  367  374  379  378    0
 334    363  369  368  374  380  379    0
 335    363  370  369  374  381  380    0
 336    363  371  370  374  382  381    0
 337    363  372  371  374  383  382    0
 338    363  373  372  374  384  383    0
 339    363  364  373  374  375  384    0
 340    374  376  375  385  387  386    0
 341    374  377  376  385  388  387    0
 342    374  378  377  385  389  388    0
 343    374  379  378  385  390  389    0
 344    374  380  379  385  391  390    0
 345    374  381  380  385  392  391    0
 346    374  382  381  385  393  392    0
 347    374  383  382  385  394  393    0
 348    374  384  383  385  395  394    0
 349    374  375  384  385  386  395    0
 350    385  387  386  396  398  397    0
 351    385  388  387  396  399  398    0
 352    385  389  388  396  400  399    0
 353    385  390  389  396  401  400    0
 354    385  391  390  396  402  401    0
 355    385  392  391  396  403  402    0
 356    385  393  392  396  404  403    0
 357    385  394  393  396  405  404    0
 358    385  395  394  396  406  405    0
 359    385  386  395  396  397  406    0
 360    396  398  397  407  409  408    0
 361    396  399  398  407  410  409    0
 362    396  400  399  407  411  410    0
 363    396  401  400  407  412  411    0
 364    396  402  401  407  413  412    0
 365    396  403  402  407  414  413    0
 366    396  404  403  407  415  414    0
 367    396  405  404  407  416  415    0
 368    396  406  405  407  417  416    0
 369    396  397  406  407  408  417    0
 370    407  409  408  418  420  419    0
 371    407  410  409  418  421  420    0
 372    407  411  410  418  422  421    0
 373    407  412  411  418  423  422    0
 374    407  413  412  418  424  423    0
 375    407  414  413  418  425  424    0
 376    407  415  414  418  426  425    0
 377    407  416  415  418  427  426    0
 378    407  417  416  418  428  427    0
 379    407  408  417  418  419  428    0
 380    418  420  419  429  431  430    0
 381    418  421  420  429  432  431    0
 382    418  422  421  429  433  432    0
 383    418  423  422  429  434  433    0
 384    418  424  423  429  435  434    0
 385    418  425  424  429  436  435    0
 386    418  426  425  429  437  436    0
 387    418  427  426  429  438  437    0
 388    418  428  427  429  439  438    0
 389    418  419  428  429  430  439    0
 390    429  431  430  440  442  441    0
 391    429  432  431  440  443  442    0
 392    429  433  432  440  444  443    0
 393    429  434  433  440  445  444    0
 394    429  435  434  440  446  445    0
 395    429  436  435  440  447  446    0
 396    429  437  436  440  448  447    0
 397    429  438  437  440  449  448    0
 398    429  439  438  440  450  449    0
 399    429  430  439  440  441  450    0
 400    440  442  441  451  453  452    0
 401    440  443  442  451  454  453    0
 402    440  444  443  451  455  454    0
 403    440  445  444  451  456  455    0
 404    440  446  445  451  457  456    0
 405    440  447  446  451  458  457    0
 406    440  448  447  451  459  458    0
 407    440  449  448  451  460  459    0
 408    440  450  449  451  461  460    0
 409    440  441  450  451  452  461    0
 410    451  453  452  462  464  463    0
 411    451  454  453  462  465  464    0
 412    451  455  454  462  466  465    0
 413    451  456  455  462  467  466    0
 414    451  457  456  462  468  467    0
 415    451  458  457  462  469  468    0
 416    451  459  458  462  470  469    0
 417    451  460  459  462  471  470    0
 418    451  461  460  462  472  471    0
 419    451  452  461  462  463  472    0
 420    462  464  463  473  475  474    0
 421    462  465  464  473  476  475    0
 422    462  466  465  473  477  476    0
 423    462  467  466  473  478  477    0
 424    462  468  467  473  479  478    0
 425    462  469  468  473  480  479    0
 426    462  470  469  473  481  480    0
 427    462  471  470  473  482  481    0
 428    462  472  471  473  483  482    0
 429    462  463  472  473  474  483    0
 430    473  475  474  484  486  485    0
 431    473  476  475  484  487  486    0
 432    473  477  476  484  488  487    0
 433    473  478  477  484  489  488    0
 434    473  479  478  484  490  489    0
 435    473  480  479  484  491  490    0
 436    473  481  480  484  492  491    0
 437    473  482  481  484  493  492    0
 438    473  483  482  484  494  493    0
 439    473  474  483  484  485  494    0
 440    484  486  485  495  497  496    0
 441    484  487  486  495  498  497    0
 442    484  488  487  495  499  498    0
 443    484  489  488  495  500  499    0
 444    484  490  489  495  501  500    0
 445    484  491  490  495  502  501    0
 446    484  492  491  495  503  502    0
 447    484  493  492  495  504  503    0
 448    484  494  493  495  505  504    0
 449    484  485  494  495  496  505    0
 450    495  497  496  506  508  507    0
 451    495  498  497  506  509  508    0
 452    495  499  498  506  510  509    0
 453    495  500  499  506  511  510    0
 454    495  501  500  506  512  511    0
 455    495  502  501  506  513  512    0
 456    495  503  502  506  514  513    0
 457    495  504  503  506  515  514    0
 458    495  505  504  506  516  515    0
 459    495  496  505  506  507  516    0
 460    506  508  507  517  519  518    0
 461    506  509  508  517  520  519    0
 462    506  510  509  517  521  520    0
 463    506  511  510  517  522  521    0
 464    506  512  511  517  523  522    0
 465    506  513  512  517  524  523    0
 466    506  514  513  517  525  524    0
 467    506  515  514  517  526  525    0
 468    506  516  515  517  527  526    0
 469    506  507  516  517  518  527    0
 470    517  519  518  528  530  529    0
 471    517  520  519  528  531  530    0
 472    517  521  520  528  532  531    0
 473    517  522  521  528  533  532    0
 474    517  523  522  528  534  533    0
 475    517  524  523  528  535  534    0
 476    517  525  524  528  536  535    0
 477    517  526  525  528  537  536    0
 478    517  527  526  528  538  537    0
 479    517  518  527  528  529  538    0
 480    528  530  529  539  541  540    0
 481    528  531  530  539  542  541    0
 482    528  532  531  539  543  542    0
 483    528  533  532  539  544  543    0
 484    528  534  533  539  545  544    0
 485    528  535  534  539  546  545    0
 486    528  536  535  539  547  546    0
 487    528  537  536  539  548  547    0
 488    528  538  537  539  549  548    0
 489    528  529  538  539  540  549    0
 490    539  541  540  550  552  551    0
 491    539  542  541  550  553  552    0
 492    539  543  542  550  554  553    0
 493    539  544  543  550  555  554    0
 494    539  545  544  550  556  555    0
 495    539  546  545  550  557  556    0
 496    539  547  546  550  558  557    0
 497    539  548  547  550  559  558    0
 498    539  549  548  550  560  559    0
 499    539  540  549  550  551  560    0
 500    550  552  551  561  563  562    0
 501    550  553  552  561  564  563    0
 502    550  554  553  561  565  564    0
 503    550  555  554  561  566  565    0
 504    550  556  555  561  567  566    0
 505    550  557  556  561  568  567    0
 506    550  558  557  561  569  568    0
 507    550  559  558  561  570  569    0
 508    550  560  559  561  571  570    0
 509    550  551  560  561  562  571    0
 510    561  563  562  572  574  573    0
 511    561  564  563  572  575  574    0
 512    561  565  564  572  576  575    0
 513    561  566  565  572  577  576    0
 514    561  567  566  572  578  577    0
 515    561  568  567  572  579  578    0
 516    561  569  568  572  580  579    0
 517    561  570  569  572  581  580    0
 518    561  571  570  572  582  581    0
 519    561  562  571  572  573  582    0
 520    572  574  573  583  585  584    0
 521    572  575  574  583  586  585    0
 522    572  576  575  583  587  586    0
 523    572  577  576  583  588  587    0
 524    572  578  577  583  589  588    0
 525    572  579  578  583  590  589    0
 526    572  580  579  583  591  590    0
 527    572  581  580  583  592  591    0
 528    572  582  581  583  593  592    0
 529    572  573  582  583  584  593    0
 530    583  585  584  594  596  595    0
 531    583  586  585  594  597  596    0
 532    583  587  586  594  598  597    0
 533    583  588  587  594  599  598    0
 534    583  589  588  594  600  599    0
 535    583  590  589  594  601  600    0
 536    583  591  590  594  602  601    0
 537    583  592  591  594  603  602    0
 538    583  593  592  594  604  603    0
 539    583  584  593  594  595  604    0
 540    594  596  595  605  607  606    0
 541    594  597  596  605  608  607    0
 542    594  598  597  605  609  608    0
 543    594  599  598  605  610  609    0
 544    594  600  599  605  611  610    0
 545    594  601  600  605  612  611    0
 546    594  602  601  605  613  612    0
 547    594  603  602  605  614  613    0
 548    594  604  603  605  615  614    0
 549    594  595  604  605  606  615    0
 550    605  607  606  616  618  617    0
 551    605  608  607  616  619  618    0
 552    605  609  608  616  620  619    0
 553    605  610  609  616  621  620    0
 554    605  611  610  616  622  621    0
 555    605  612  611  616  623  622    0
 556    605  613  612  616  624  623    0
 557    605  614  613  616  625  624    0
 558    605  615  614  616  626  625    0
 559    605  606  615  616  617  626    0
 560    616  618  617  627  629  628    0
 561    616  619  618  627  630  629    0
 562    616  620  619  627  631  630    0
 563    616  621  620  627  632  631    0
 564    616  622  621  627  633  632    0
 565    616  623  622  627  634  633    0
 566    616  624  623  627  635  634    0
 567    616  625  624  627  636  635    0
 568    616  626  625  627  637  636    0
 569    616  617  626  627  628  637    0
 570    627  629  628  638  640  639    0
 571    627  630  629  638  641  640    0
 572    627  631  630  638  642  641    0
 573    627  632  631  638  643  642    0
 574    627  633  632  638  644  643    0
 575    627  634  633  638  645  644    0
 576    627  635  634  638  646  645    0
 577    627  636  635  638  647  646    0
 578    627  637  636  638  648  647    0
 579    627  628  637  638  639  648    0
 580    638  640  639  649  651  650    0
 581    638  641  640  649  652  651    0
 582    638  642  641  649  653  652    0
 583    638  643  642  649  654  653    0
 584    638  644  643  649  655  654    0
 585    638  645  644  649  656  655    0
 586    638  646  645  649  657  656    0
 587    638  647  646  649  658  657    0
 588    638  648  647  649  659  658    0
 589    638  639  648  649  650  659    0
 590    649  651  650  660  662  661    0
 591    649  652  651  660  663  662    0
 592    649  653  652  660  664  663    0
 593    649  654  653  660  665  664    0
 594    649  655  654  660  666  665    0
 595    649  656  655  660  667  666    0
 596    649  657  656  660  668  667    0
 597    649  658  657  660  669  668    0
 598    649  659  658  660  670  669    0
 599    649  650  659  660  661  670    0
 600    660  662  661  671  673  672    0
 601    660  663  662  671  674  673    0
 602    660  664  663  671  675  674    0
 603    660  665  664  671  676  675    0
 604    660  666  665  671  677  676    0
 605    660  667  666  671  678  677    0
 606    660  668  667  671  679  678    0
 607    660  669  668  671  680  679    0
 608    660  670  669  671  681  680    0
 609    660  661  670  671  672  681    0
 610    671  673  672  682  684  683    0
 611    671  674  673  682  685  684    0
 612    671  675  674  682  686  685    0
 613    671  676  675  682  687  686    0
 614    671  677  676  682  688  687    0
 615    671  678  677  682  689  688    0
 616    671  679  678  682  690  689    0
 617    671  680  679  682  691  690    0
 618    671  681  680  682  692  691    0
 619    671  672  681  682  683  692    0
 620    682  684  683  693  695  694    0
 621    682  685  684  693  696  695    0
 622    682  686  685  693  697  696    0
 623    682  687  686  693  698  697    0
 624    682  688  687  693  699  698    0
 625    682  689  688  693  700  699    0
 626    682  690  689  693  701  700    0
 627    682  691  690  693  702  701    0
 628    682  692  691  693  703  702    0
 629    682  683  692  693  694  703    0
node no. coordinates
   0   0.00000   0.00000  15.00000 
   1   0.00000   0.00000  18.18000 
   2   0.00000   1.86916  17.57267 
   3   0.00000   3.02436  15.98267 
   4   0.00000   3.02436  14.01733 
   5   0.00000   1.86916  12.42733 
   6   0.00000  -0.00000  11.82000 
   7   0.00000  -1.86916  12.42733 
   8   0.00000  -3.02436  14.01733 
   9   0.00000  -3.02436  15.98267 
  10   0.00000  -1.86916  17.57267 
  11   7.50000   0.69667  12.99038 
  12   9.09000   0.69667  15.74434 
  13   8.78634   2.56582  15.21838 
  14   7.99134   3.72103  13.84140 
  15   7.00866   3.72103  12.13936 
  16   6.21366   2.56582  10.76238 
  17   5.91000   0.69667  10.23642 
  18   6.21366  -1.17249  10.76238 
  19   7.00866  -2.32769  12.13936 
  20   7.99134  -2.32769  13.84140 
  21   8.78634  -1.17249  15.21838 
  22  12.99038   1.39333   7.50000 
  23  15.74434   1.39333   9.09000 
  24  15.21838   3.26249   8.78634 
  25  13.84140   4.41769   7.99134 
  26  12.13936   4.41769   7.00866 
  27  10.76238   3.26249   6.21366 
  28  10.23642   1.39333   5.91000 
  29  10.76238  -0.47582   6.21366 
  30  12.13936  -1.63103   7.00866 
  31  13.84140  -1.63103   7.99134 
  32  15.21838  -0.47582   8.78634 
  33  15.00000   2.09000  -0.00000 
  34  18.18000   2.09000  -0.00000 
  35  17.57267   3.95916  -0.00000 
  36  15.98267   5.11436  -0.00000 
  37  14.01733   5.11436  -0.00000 
  38  12.42733   3.95916  -0.00000 
  39  11.82000   2.09000  -0.00000 
  40  12.42733   0.22084  -0.00000 
  41  14.01733  -0.93436  -0.00000 
  42  15.98267  -0.93436  -0.00000 
  43  17.57267   0.22084  -0.00000 
  44  12.99038   2.78667  -7.50000 
  45  15.74434   2.78667  -9.09000 
  46  15.21838   4.65582  -8.78634 
  47  13.84140   5.81103  -7.99134 
  48  12.13936   5.81103  -7.00866 
  49  10.76238   4.65582  -6.21366 
  50  10.23642   2.78667  -5.91000 
  51  10.76238   0.91751  -6.21366 
  52  12.13936  -0.23769  -7.00866 
  53  13.84140  -0.23769  -7.99134 
  54  15.21838   0.91751  -8.78634 
  55   7.50000   3.48333 -12.99038 
  56   9.09000   3.48333 -15.74434 
  57   8.78634   5.35249 -15.21838 
  58   7.99134   6.50769 -13.84140 
  59   7.00866   6.50769 -12.13936 
  60   6.21366   5.35249 -10.76238 
  61   5.91000   3.48333 -10.23642 
  62   6.21366   1.61418 -10.76238 
  63   7.00866   0.45897 -12.13936 
  64   7.99134   0.45897 -13.84140 
  65   8.78634   1.61418 -15.21838 
  66  -0.00000   4.18000 -15.00000 
  67  -0.00000   4.18000 -18.18000 
  68  -0.00000   6.04916 -17.57267 
  69  -0.00000   7.20436 -15.98267 
  70  -0.00000   7.20436 -14.01733 
  71  -0.00000   6.04916 -12.42733 
  72  -0.00000   4.18000 -11.82000 
  73  -0.00000   2.31084 -12.42733 
  74  -0.00000   1.15564 -14.01733 
  75  -0.00000   1.15564 -15.98267 
  76  -0.00000   2.31084 -17.57267 
  77  -7.50000   4.87667 -12.99038 
  78  -9.09000   4.87667 -15.74434 
  79  -8.78634   6.74582 -15.21838 
  80  -7.99134   7.90103 -13.84140 
  81  -7.00866   7.90103 -12.13936 
  82  -6.21366   6.74582 -10.76238 
  83  -5.91000   4.87667 -10.23642 
  84  -6.21366   3.00751 -10.76238 
  85  -7.00866   1.85231 -12.13936 
  86  -7.99134   1.85231 -13.84140 
  87  -8.78634   3.00751 -15.21838 
  88 -12.99038   5.57333  -7.50000 
  89 -15.74434   5.57333  -9.09000 
  90 -15.21838   7.44249  -8.78634 
  91 -13.84140   8.59769  -7.99134 
  92 -12.13936   8.59769  -7.00866 
  93 -10.76238   7.44249  -6.21366 
  94 -10.23642   5.57333  -5.91000 
  95 -10.76238   3.70418  -6.21366 
  96 -12.13936   2.54897  -7.00866 
  97 -13.84140   2.54897  -7.99134 
  98 -15.21838   3.70418  -8.78634 
  99 -15.00000   6.27000   0.00000 
 100 -18.18000   6.27000   0.00000 
 101 -17.57267   8.13916   0.00000 
 102 -15.98267   9.29436   0.00000 
 103 -14.01733   9.29436   0.00000 
 104 -12.42733   8.13916   0.00000 
 105 -11.82000   6.27000   0.00000 
 106 -12.42733   4.40084   0.00000 
 107 -14.01733   3.24564   0.00000 
 108 -15.98267   3.24564   0.00000 
 109 -17.57267   4.40084   0.00000 
 110 -12.99038   6.96667   7.50000 
 111 -15.74434   6.96667   9.09000 
 112 -15.21838   8.83582   8.78634 
 113 -13.84140   9.99103   7.99134 
 114 -12.13936   9.99103   7.00866 
 115 -10.76238   8.83582   6.21366 
 116 -10.23642   6.96667   5.91000 
 117 -10.76238   5.09751   6.21366 
 118 -12.13936   3.94231   7.00866 
 119 -13.84140   3.94231   7.99134 
 120 -15.21838   5.09751   8.78634 
 121  -7.50000   7.66333  12.99038 
 122  -9.09000   7.66333  15.74434 
 123  -8.78634   9.53249  15.21838 
 124  -7.99134  10.68769  13.84140 
 125  -7.00866  10.68769  12.13936 
 126  -6.21366   9.53249  10.76238 
 127  -5.91000   7.66333  10.23642 
 128  -6.21366   5.79418  10.76238 
 129  -7.00866   4.63897  12.13936 
 130  -7.99134   4.63897  13.84140 
 131  -8.78634   5.79418  15.21838 
 132   0.00000   8.36000  15.00000 
 133   0.00000   8.36000  18.18000 
 134   0.00000  10.22916  17.57267 
 135   0.00000  11.38436  15.98267 
 136   0.00000  11.38436  14.01733 
 137   0.00000  10.22916  12.42733 
 138   0.00000   8.36000  11.82000 
 139   0.00000   6.49084  12.42733 
 140   0.00000   5.33564  14.01733 
 141   0.00000   5.33564  15.98267 
 142   0.00000   6.49084  17.57267 
 143   7.50000   9.05667  12.99038 
 144   9.09000   9.05667  15.74434 
 145   8.78634  10.92582  15.21838 
 146   7.99134  12.08103  13.84140 
 147   7.00866  12.08103  12.13936 
 148   6.21366  10.92582  10.76238 
 149   5.91000   9.05667  10.23642 
 150   6.21366   7.18751  10.76238 
 151   7.00866   6.03231  12.13936 
 152   7.99134   6.03231  13.84140 
 153   8.78634   7.18751  15.21838 
 154  12.99038   9.75333   7.50000 
 155  15.74434   9.75333   9.09000 
 156  15.21838  11.62249   8.78634 
 157  13.84140  12.77769   7.99134 
 158  12.13936  12.77769   7.00866 
 159  10.76238  11.62249   6.21366 
 160  10.23642   9.75333   5.91000 
 161  10.76238   7.88418   6.21366 
 162  12.13936   6.72897   7.00866 
 163  13.84140   6.72897   7.99134 
 164  15.21838   7.88418   8.78634 
 165  15.00000  10.45000  -0.00000 
 166  18.18000  10.45000  -0.00000 
 167  17.57267  12.31916  -0.00000 
 168  15.98267  13.47436  -0.00000 
 169  14.01733  13.47436  -0.00000 
 170  12.42733  12.31916  -0.00000 
 171  11.82000  10.45000  -0.00000 
 172  12.42733   8.58084  -0.00000 
 173  14.01733   7.42564  -0.00000 
 174  15.98267   7.42564  -0.00000 
 175  17.57267   8.58084  -0.00000 
 176  12.99038  11.14667  -7.50000 
 177  15.74434  11.14667  -9.09000 
 178  15.21838  13.01582  -8.78634 
 179  13.84140  14.17103  -7.99134 
 180  12.13936  14.17103  -7.00866 
 181  10.76238  13.01582  -6.21366 
 182  10.23642  11.14667  -5.91000 
 183  10.76238   9.27751  -6.21366 
 184  12.13936   8.12231  -7.00866 
 185  13.84140   8.12231  -7.99134 
 186  15.21838   9.27751  -8.78634 
 187   7.50000  11.84333 -12.99038 
 188   9.09000  11.84333 -15.74434 
 189   8.78634  13.71249 -15.21838 
 190   7.99134  14.86769 -13.84140 
 191   7.00866  14.86769 -12.13936 
 192   6.21366  13.71249 -10.76238 
 193   5.91000  11.84333 -10.23642 
 194   6.21366   9.97418 -10.76238 
 195   7.00866   8.81897 -12.13936 
 196   7.99134   8.81897 -13.84140 
 197   8.78634   9.97418 -15.21838 
 198  -0.00000  12.54000 -15.00000 
 199  -0.00000  12.54000 -18.18000 
 200  -0.00000  14.40916 -17.57267 
 201  -0.00000  15.56436 -15.98267 
 202  -0.00000  15.56436 -14.01733 
 203  -0.00000  14.40916 -12.42733 
 204  -0.00000  12.54000 -11.82000 
 205  -0.00000  10.67084 -12.42733 
 206  -0.00000   9.51564 -14.01733 
 207  -0.00000   9.51564 -15.98267 
 208  -0.00000  10.67084 -17.57267 
 209  -7.50000  13.23667 -12.99038 
 210  -9.09000  13.23667 -15.74434 
 211  -8.78634  15.10582 -15.21838 
 212  -7.99134  16.26103 -13.84140 
 213  -7.00866  16.26103 -12.13936 
 214  -6.21366  15.10582 -10.76238 
 215  -5.91000  13.23667 -10.23642 
 216  -6.21366  11.36751 -10.76238 
 217  -7.00866  10.21231 -12.13936 
 218  -7.99134  10.21231 -13.84140 
 219  -8.78634  11.36751 -15.21838 
 220 -12.99038  13.93333  -7.50000 
 221 -15.74434  13.93333  -9.09000 
 222 -15.21838  15.80249  -8.78634 
 223 -13.84140  16.95769  -7.99134 
 224 -12.13936  16.95769  -7.00866 
 225 -10.76238  15.80249  -6.21366 
 226 -10.23642  13.93333  -5.91000 
 227 -10.76238  12.06418  -6.21366 
 228 -12.13936  10.90897  -7.00866 
 229 -13.84140  10.90897  -7.99134 
 230 -15.21838  12.06418  -8.78634 
 231 -15.00000  14.63000   0.00000 
 232 -18.18000  14.63000   0.00000 
 233 -17.57267  16.49916   0.00000 
 234 -15.98267  17.65436   0.00000 
 235 -14.01733  17.65436   0.00000 
 236 -12.42733  16.49916   0.00000 
 237 -11.82000  14.63000   0.00000 
 238 -12.42733  12.76084   0.00000 
 239 -14.01733  11.60564   0.00000 
 240 -15.98267  11.60564   0.00000 
 241 -17.57267  12.76084   0.00000 
 242 -12.99038  15.32667   7.50000 
 243 -15.74434  15.32667   9.09000 
 244 -15.21838  17.19582   8.78634 
 245 -13.84140  18.35103   7.99134 
 246 -12.13936  18.35103   7.00866 
 247 -10.76238  17.19582   6.21366 
 248 -10.23642  15.32667   5.91000 
 249 -10.76238  13.45751   6.21366 
 250 -12.13936  12.30231   7.00866 
 251 -13.84140  12.30231   7.99134 
 252 -15.21838  13.45751   8.78634 
 253  -7.50000  16.02333  12.99038 
 254  -9.09000  16.02333  15.74434 
 255  -8.78634  17.89249  15.21838 
 256  -7.99134  19.04769  13.84140 
 257  -7.00866  19.04769  12.13936 
 258  -6.21366  17.89249  10.76238 
 259  -5.91000  16.02333  10.23642 
 260  -6.21366  14.15418  10.76238 
 261  -7.00866  12.99897  12.13936 
 262  -7.99134  12.99897  13.84140 
 263  -8.78634  14.15418  15.21838 
 264   0.00000  16.72000  15.00000 
 265   0.00000  16.72000  18.18000 
 266   0.00000  18.58916  17.57267 
 267   0.00000  19.74436  15.98267 
 268   0.00000  19.74436  14.01733 
 269   0.00000  18.58916  12.42733 
 270   0.00000  16.72000  11.82000 
 271   0.00000  14.85084  12.42733 
 272   0.00000  13.69564  14.01733 
 273   0.00000  13.69564  15.98267 
 274   0.00000  14.85084  17.57267 
 275   7.50000  17.41667  12.99038 
 276   9.09000  17.41667  15.74434 
 277   8.78634  19.28582  15.21838 
 278   7.99134  20.44103  13.84140 
 279   7.00866  20.44103  12.13936 
 280   6.21366  19.28582  10.76238 
 281   5.91000  17.41667  10.23642 
 282   6.21366  15.54751  10.76238 
 283   7.00866  14.39231  12.13936 
 284   7.99134  14.39231  13.84140 
 285   8.78634  15.54751  15.21838 
 286  12.99038  18.11333   7.50000 
 287  15.74434  18.11333   9.09000 
 288  15.21838  19.98249   8.78634 
 289  13.84140  21.13769   7.99134 
 290  12.13936  21.13769   7.00866 
 291  10.76238  19.98249   6.21366 
 292  10.23642  18.11333   5.91000 
 293  10.76238  16.24418   6.21366 
 294  12.13936  15.08897   7.00866 
 295  13.84140  15.08897   7.99134 
 296  15.21838  16.24418   8.78634 
 297  15.00000  18.81000  -0.00000 
 298  18.18000  18.81000  -0.00000 
 299  17.57267  20.67916  -0.00000 
 300  15.98267  21.83436  -0.00000 
 301  14.01733  21.83436  -0.00000 
 302  12.42733  20.67916  -0.00000 
 303  11.82000  18.81000  -0.00000 
 304  12.42733  16.94084  -0.00000 
 305  14.01733  15.78564  -0.00000 
 306  15.98267  15.78564  -0.00000 
 307  17.57267  16.94084  -0.00000 
 308  12.99038  19.50667  -7.50000 
 309  15.74434  19.50667  -9.09000 
 310  15.21838  21.37582  -8.78634 
 311  13.84140  22.53103  -7.99134 
 312  12.13936  22.53103  -7.00866 
 313  10.76238  21.37582  -6.21366 
 314  10.23642  19.50667  -5.91000 
 315  10.76238  17.63751  -6.21366 
 316  12.13936  16.48231  -7.00866 
 317  13.84140  16.48231  -7.99134 
 318  15.21838  17.63751  -8.78634 
 319   7.50000  20.20333 -12.99038 
 320   9.09000  20.20333 -15.74434 
 321   8.78634  22.07249 -15.21838 
 322   7.99134  23.22769 -13.84140 
 323   7.00866  23.22769 -12.13936 
 324   6.21366  22.07249 -10.76238 
 325   5.91000  20.20333 -10.23642 
 326   6.21366  18.33418 -10.76238 
 327   7.00866  17.17897 -12.13936 
 328   7.99134  17.17897 -13.84140 
 329   8.78634  18.33418 -15.21838 
 330  -0.00000  20.90000 -15.00000 
 331  -0.00000  20.90000 -18.18000 
 332  -0.00000  22.76916 -17.57267 
 333  -0.00000  23.92436 -15.98267 
 334  -0.00000  23.92436 -14.01733 
 335  -0.00000  22.76916 -12.42733 
 336  -0.00000  20.90000 -11.82000 
 337  -0.00000  19.03084 -12.42733 
 338  -0.00000  17.87564 -14.01733 
 339  -0.00000  17.87564 -15.98267 
 340  -0.00000  19.03084 -17.57267 
 341  -7.50000  21.59667 -12.99038 
 342  -9.09000  21.59667 -15.74434 
 343  -8.78634  23.46582 -15.21838 
 344  -7.99134  24.62103 -13.84140 
 345  -7.00866  24.62103 -12.13936 
 346  -6.21366  23.46582 -10.76238 
 347  -5.91000  21.59667 -10.23642 
 348  -6.21366  19.72751 -10.76238 
 349  -7.00866  18.57231 -12.13936 
 350  -7.99134  18.57231 -13.84140 
 351  -8.78634  19.72751 -15.21838 
 352 -12.99038  22.29333  -7.50000 
 353 -15.74434  22.29333  -9.09000 
 354 -15.21838  24.16249  -8.78634 
 355 -13.84140  25.31769  -7.99134 
 356 -12.13936  25.31769  -7.00866 
 357 -10.76238  24.16249  -6.21366 
 358 -10.23642  22.29333  -5.91000 
 359 -10.76238  20.42418  -6.21366 
 360 -12.13936  19.26897  -7.00866 
 361 -13.84140  19.26897  -7.99134 
 362 -15.21838  20.42418  -8.78634 
 363 -15.00000  22.99000   0.00000 
 364 -18.18000  22.99000   0.00000 
 365 -17.57267  24.85916   0.00000 
 366 -15.98267  26.01436   0.00000 
 367 -14.01733  26.01436   0.00000 
 368 -12.42733  24.85916   0.00000 
 369 -11.82000  22.99000   0.00000 
 370 -12.42733  21.12084   0.00000 
 371 -14.01733  19.96564   0.00000 
 372 -15.98267  19.96564   0.00000 
 373 -17.57267  21.12084   0.00000 
 374 -12.99038  23.68667   7.50000 
 375 -15.74434  23.68667   9.09000 
 376 -15.21838  25.55582   8.78634 
 377 -13.84140  26.71103   7.99134 
 378 -12.13936  26.71103   7.00866 
 379 -10.76238  25.55582   6.21366 
 380 -10.23642  23.68667   5.91000 
 381 -10.76238  21.81751   6.21366 
 382 -12.13936  20.66231   7.00866 
 383 -13.84140  20.66231   7.99134 
 384 -15.21838  21.81751   8.78634 
 385  -7.50000  24.38333  12.99038 
 386  -9.09000  24.38333  15.74434 
 387  -8.78634  26.25249  15.21838 
 388  -7.99134  27.40769  13.84140 
 389  -7.00866  27.40769  12.13936 
 390  -6.21366  26.25249  10.76238 
 391  -5.91000  24.38333  10.23642 
 392  -6.21366  22.51418  10.76238 
 393  -7.00866  21.35897  12.13936 
 394  -7.99134  21.35897  13.84140 
 395  -8.78634  22.51418  15.21838 
 396   0.00000  25.08000  15.00000 
 397   0.00000  25.08000  18.18000 
 398   0.00000  26.94916  17.57267 
 399   0.00000  28.10436  15.98267 
 400   0.00000  28.10436  14.01733 
 401   0.00000  26.94916  12.42733 
 402   0.00000  25.08000  11.82000 
 403   0.00000  23.21084  12.42733 
 404   0.00000  22.05564  14.01733 
 405   0.00000  22.05564  15.98267 
 406   0.00000  23.21084  17.57267 
 407   7.50000  25.77667  12.99038 
 408   9.09000  25.77667  15.74434 
 409   8.78634  27.64582  15.21838 
 410   7.99134  28.80103  13.84140 
 411   7.00866  28.80103  12.13936 
 412   6.21366  27.64582  10.76238 
 413   5.91000  25.77667  10.23642 
 414   6.21366  23.90751  10.76238 
 415   7.00866  22.75231  12.13936 
 416   7.99134  22.75231  13.84140 
 417   8.78634  23.90751  15.21838 
 418  12.99038  26.47333   7.50000 
 419  15.74434  26.47333   9.09000 
 420  15.21838  28.34249   8.78634 
 421  13.84140  29.49769   7.99134 
 422  12.13936  29.49769   7.00866 
 423  10.76238  28.34249   6.21366 
 424  10.23642  26.47333   5.91000 
 425  10.76238  24.60418   6.21366 
 426  12.13936  23.44897   7.00866 
 427  13.84140  23.44897   7.99134 
 428  15.21838  24.60418   8.78634 
 429  15.00000  27.17000  -0.00000 
 430  18.18000  27.17000  -0.00000 
 431  17.57267  29.03916  -0.00000 
 432  15.98267  30.19436  -0.00000 
 433  14.01733  30.19436  -0.00000 
 434  12.42733  29.03916  -0.00000 
 435  11.82000  27.17000  -0.00000 
 436  12.42733  25.30084  -0.00000 
 437  14.01733  24.14564  -0.00000 
 438  15.98267  24.14564  -0.00000 
 439  17.57267  25.30084  -0.00000 
 440  12.99038  27.86667  -7.50000 
 441  15.74434  27.86667  -9.09000 
 442  15.21838  29.73582  -8.78634 
 443  13.84140  30.89103  -7.99134 
 444  12.13936  30.89103  -7.00866 
 445  10.76238  29.73582  -6.21366 
 446  10.23642  27.86667  -5.91000 
 447  10.76238  25.99751  -6.21366 
 448  12.13936  24.84231  -7.00866 
 449  13.84140  24.84231  -7.99134 
 450  15.21838  25.99751  -8.78634 
 451   7.50000  28.56333 -12.99038 
 452   9.09000  28.56333 -15.74434 
 453   8.78634  30.43249 -15.21838 
 454   7.99134  31.58769 -13.84140 
 455   7.00866  31.58769 -12.13936 
 456   6.21366  30.43249 -10.76238 
 457   5.91000  28.56333 -10.23642 
 458   6.21366  26.69418 -10.76238 
 459   7.00866  25.53897 -12.13936 
 460   7.99134  25.53897 -13.84140 
 461   8.78634  26.69418 -15.21838 
 462  -0.00000  29.26000 -15.00000 
 463  -0.00000  29.26000 -18.18000 
 464  -0.00000  31.12916 -17.57267 
 465  -0.00000  32.28436 -15.98267 
 466  -0.00000  32.28436 -14.01733 
 467  -0.00000  31.12916 -12.42733 
 468  -0.00000  29.26000 -11.82000 
 469  -0.00000  27.39084 -12.42733 
 470  -0.00000  26.23564 -14.01733 
 471  -0.00000  26.23564 -15.98267 
 472  -0.00000  27.39084 -17.57267 
 473  -7.50000  29.95667 -12.99038 
 474  -9.09000  29.95667 -15.74434 
 475  -8.78634  31.82582 -15.21838 
 476  -7.99134  32.98103 -13.84140 
 477  -7.00866  32.98103 -12.13936 
 478  -6.21366  31.82582 -10.76238 
 479  -5.91000  29.95667 -10.23642 
 480  -6.21366  28.08751 -10.76238 
 481  -7.00866  26.93231 -12.13936 
 482  -7.99134  26.93231 -13.84140 
 483  -8.78634  28.08751 -15.21838 
 484 -12.99038  30.65333  -7.50000 
 485 -15.74434  30.65333  -9.09000 
 486 -15.21838  32.52249  -8.78634 
 487 -13.84140  33.67769  -7.99134 
 488 -12.13936  33.67769  -7.00866 
 489 -10.76238  32.52249  -6.21366 
 490 -10.23642  30.65333  -5.91000 
 491 -10.76238  28.78418  -6.21366 
 492 -12.13936  27.62897  -7.00866 
 493 -13.84140  27.62897  -7.99134 
 494 -15.21838  28.78418  -8.78634 
 495 -15.00000  31.35000   0.00000 
 496 -18.18000  31.35000   0.00000 
 497 -17.57267  33.21916   0.00000 
 498 -15.98267  34.37436   0.00000 
 499 -14.01733  34.37436   0.00000 
 500 -12.42733  33.21916   0.00000 
 501 -11.82000  31.35000   0.00000 
 502 -12.42733  29.48084   0.00000 
 503 -14.01733  28.32564   0.00000 
 504 -15.98267  28.32564   0.00000 
 505 -17.57267  29.48084   0.00000 
 506 -12.99038  32.04667   7.50000 
 507 -15.74434  32.04667   9.09000 
 508 -15.21838  33.91582   8.78634 
 509 -13.84140  35.07103   7.99134 
 510 -12.13936  35.07103   7.00866 
 511 -10.76238  33.91582   6.21366 
 512 -10.23642  32.04667   5.91000 
 513 -10.76238  30.17751   6.21366 
 514 -12.13936  29.02231   7.00866 
 515 -13.84140  29.02231   7.99134 
 516 -15.21838  30.17751   8.78634 
 517  -7.50000  32.74333  12.99038 
 518  -9.09000  32.74333  15.74434 
 519  -8.78634  34.61249  15.21838 
 520  -7.99134  35.76769  13.84140 
 521  -7.00866  35.76769  12.13936 
 522  -6.21366  34.61249  10.76238 
 523  -5.91000  32.74333  10.23642 
 524  -6.21366  30.87418  10.76238 
 525  -7.00866  29.71897  12.13936 
 526  -7.99134  29.71897  13.84140 
 527  -8.78634  30.87418  15.21838 
 528   0.00000  33.44000  15.00000 
 529   0.00000  33.44000  18.18000 
 530   0.00000  35.30916  17.57267 
 531   0.00000  36.46436  15.98267 
 532   0.00000  36.46436  14.01733 
 533   0.00000  35.30916  12.42733 
 534   0.00000  33.44000  11.82000 
 535   0.00000  31.57084  12.42733 
 536   0.00000  30.41564  14.01733 
 537   0.00000  30.41564  15.98267 
 538   0.00000  31.57084  17.57267 
 539   7.50000  34.13667  12.99038 
 540   9.09000  34.13667  15.74434 
 541   8.78634  36.00582  15.21838 
 542   7.99134  37.16103  13.84140 
 543   7.00866  37.16103  12.13936 
 544   6.21366  36.00582  10.76238 
 545   5.91000  34.13667  10.23642 
 546   6.21366  32.26751  10.76238 
 547   7.00866  31.11231  12.13936 
 548   7.99134  31.11231  13.84140 
 549   8.78634  32.26751  15.21838 
 550  12.99038  34.83333   7.50000 
 551  15.74434  34.83333   9.09000 
 552  15.21838  36.70249   8.78634 
 553  13.84140  37.85769   7.99134 
 554  12.13936  37.85769   7.00866 
 555  10.76238  36.70249   6.21366 
 556  10.23642  34.83333   5.91000 
 557  10.76238  32.96418   6.21366 
 558  12.13936  31.80897   7.00866 
 559  13.84140  31.80897   7.99134 
 560  15.21838  32.96418   8.78634 
 561  15.00000  35.53000  -0.00000 
 562  18.18000  35.53000  -0.00000 
 563  17.57267  37.39916  -0.00000 
 564  15.98267  38.55436  -0.00000 
 565  14.01733  38.55436  -0.00000 
 566  12.42733  37.39916  -0.00000 
 567  11.82000  35.53000  -0.00000 
 568  12.42733  33.66084  -0.00000 
 569  14.01733  32.50564  -0.00000 
 570  15.98267  32.50564  -0.00000 
 571  17.57267  33.66084  -0.00000 
 572  12.99038  36.22667  -7.50000 
 573  15.74434  36.22667  -9.09000 
 574  15.21838  38.09582  -8.78634 
 575  13.84140  39.25103  -7.99134 
 576  12.13936  39.25103  -7.00866 
 577  10.76238  38.09582  -6.21366 
 578  10.23642  36.22667  -5.91000 
 579  10.76238  34.35751  -6.21366 
 580  12.13936  33.20231  -7.00866 
 581  13.84140  33.20231  -7.99134 
 582  15.21838  34.35751  -8.78634 
 583   7.50000  36.92333 -12.99038 
 584   9.09000  36.92333 -15.74434 
 585   8.78634  38.79249 -15.21838 
 586   7.99134  39.94769 -13.84140 
 587   7.00866  39.94769 -12.13936 
 588   6.21366  38.79249 -10.76238 
 589   5.91000  36.92333 -10.23642 
 590   6.21366  35.05418 -10.76238 
 591   7.00866  33.89897 -12.13936 
 592   7.99134  33.89897 -13.84140 
 593   8.78634  35.05418 -15.21838 
 594  -0.00000  37.62000 -15.00000 
 595  -0.00000  37.62000 -18.18000 
 596  -0.00000  39.48916 -17.57267 
 597  -0.00000  40.64436 -15.98267 
 598  -0.00000  40.64436 -14.01733 
 599  -0.00000  39.48916 -12.42733 
 600  -0.00000  37.62000 -11.82000 
 601  -0.00000  35.75084 -12.42733 
 602  -0.00000  34.59564 -14.01733 
 603  -0.00000  34.59564 -15.98267 
 604  -0.00000  35.75084 -17.57267 
 605  -7.50000  38.31667 -12.99038 
 606  -9.09000  38.31667 -15.74434 
 607  -8.78634  40.18582 -15.21838 
 608  -7.99134  41.34103 -13.84140 
 609  -7.00866  41.34103 -12.13936 
 610  -6.21366  40.18582 -10.76238 
 611  -5.91000  38.31667 -10.23642 
 612  -6.21366  36.44751 -10.76238 
 613  -7.00866  35.29231 -12.13936 
 614  -7.99134  35.29231 -13.84140 
 615  -8.78634  36.44751 -15.21838 
 616 -12.99038  39.01333  -7.50000 
 617 -15.74434  39.01333  -9.09000 
 618 -15.21838  40.88249  -8.78634 
 619 -13.84140  42.03769  -7.99134 
 620 -12.13936  42.03769  -7.00866 
 621 -10.76238  40.88249  -6.21366 
 622 -10.23642  39.01333  -5.91000 
 623 -10.76238  37.14418  -6.21366 
 624 -12.13936  35.98897  -7.00866 
 625 -13.84140  35.98897  -7.99134 
 626 -15.21838  37.14418  -8.78634 
 627 -15.00000  39.71000   0.00000 
 628 -18.18000  39.71000   0.00000 
 629 -17.57267  41.57916   0.00000 
 630 -15.98267  42.73436   0.00000 
 631 -14.01733  42.73436   0.00000 
 632 -12.42733  41.57916   0.00000 
 633 -11.82000  39.71000   0.00000 
 634 -12.42733  37.84084   0.00000 
 635 -14.01733  36.68564   0.00000 
 636 -15.98267  36.68564   0.00000 
 637 -17.57267  37.84084   0.00000 
 638 -12.99038  40.40667   7.50000 
 639 -15.74434  40.40667   9.09000 
 640 -15.21838  42.27582   8.78634 
 641 -13.84140  43.43103   7.99134 
 642 -12.13936  43.43103   7.00866 
 643 -10.76238  42.27582   6.21366 
 644 -10.23642  40.40667   5.91000 
 645 -10.76238  38.53751   6.21366 
 646 -12.13936  37.38231   7.00866 
 647 -13.84140  37.38231   7.99134 
 648 -15.21838  38.53751   8.78634 
 649  -7.50000  41.10333  12.99038 
 650  -9.09000  41.10333  15.74434 
 651  -8.78634  42.97249  15.21838 
 652  -7.99134  44.12769  13.84140 
 653  -7.00866  44.12769  12.13936 
 654  -6.21366  42.97249  10.76238 
 655  -5.91000  41.10333  10.23642 
 656  -6.21366  39.23418  10.76238 
 657  -7.00866  38.07897  12.13936 
 658  -7.99134  38.07897  13.84140 
 659  -8.78634  39.23418  15.21838 
 660   0.00000  41.80000  15.00000 
 661   0.00000  41.80000  18.18000 
 662   0.00000  43.66916  17.57267 
 663   0.00000  44.82436  15.98267 
 664   0.00000  44.82436  14.01733 
 665   0.00000  43.66916  12.42733 
 666   0.00000  41.80000  11.82000 
 667   0.00000  39.93084  12.42733 
 668   0.00000  38.77564  14.01733 
 669   0.00000  38.77564  15.98267 
 670   0.00000  39.93084  17.57267 
 671   3.75000  42.80481  15.00000 
 672   3.75000  42.80481  18.18000 
 673   2.81542  44.42355  17.57267 
 674   2.23782  45.42398  15.98267 
 675   2.23782  45.42398  14.01733 
 676   2.81542  44.42355  12.42733 
 677   3.75000  42.80481  11.82000 
 678   4.68458  41.18607  12.42733 
 679   5.26218  40.18564  14.01733 
 680   5.26218  40.18564  15.98267 
 681   4.68458  41.18607  17.57267 
 682   6.49519  45.55000  15.00000 
 683   6.49519  45.55000  18.18000 
 684   4.87645  46.48458  17.57267 
 685   3.87602  47.06218  15.98267 
 686   3.87602  47.06218  14.01733 
 687   4.87645  46.48458  12.42733 
 688   6.49519  45.55000  11.82000 
 689   8.11393  44.61542  12.42733 
 690   9.11436  44.03782  14.01733 
 691   9.11436  44.03782  15.98267 
 692   8.11393  44.61542  17.57267 
 693   7.50000  49.30000  15.00000 
 694   7.50000  49.30000  18.18000 
 695   5.63084  49.30000  17.57267 
 696   4.47564  49.30000  15.98267 
 697   4.47564  49.30000  14.01733 
 698   5.63084  49.30000  12.42733 
 699   7.50000  49.30000  11.82000 
 700   9.36916  49.30000  12.42733 
 701  10.52436  49.30000  14.01733 
 702  10.52436  49.30000  15.98267 
 703   9.36916  49.30000  17.57267 
prescribed displacement x: node  disp value
   0   0.00000 
   1   0.00000 
   2   0.00000 
   3   0.00000 
   4   0.00000 
   5   0.00000 
   6   0.00000 
   7   0.00000 
   8   0.00000 
   9   0.00000 
  10   0.00000 
 -10
 prescribed displacement y: node  disp value
   0   0.00000 
   1   0.00000 
   2   0.00000 
   3   0.00000 
   4   0.00000 
   5   0.00000 
   6   0.00000 
   7   0.00000 
   8   0.00000 
   9   0.00000 
  10   0.00000 
 -10
 prescribed displacement z: node  disp value
   0   0.00000 
   1   0.00000 
   2   0.00000 
   3   0.00000 
   4   0.00000 
   5   0.00000 
   6   0.00000 
   7   0.00000 
   8   0.00000 
   9   0.00000 
  10   0.00000 
 -10
 node with point load and load vector in x,y,z
 693   0.00000   20.00000    0.00000
 694   0.00000   20.00000    0.00000
 695   0.00000   20.00000    0.00000
 696   0.00000   20.00000    0.00000
 697   0.00000   20.00000    0.00000
 698   0.00000   20.00000    0.00000
 699   0.00000   20.00000    0.00000
 700   0.00000   20.00000    0.00000
 701   0.00000   20.00000    0.00000
 702   0.00000   20.00000    0.00000
 703   0.00000   20.00000    0.00000
 -10
 node no. with stress and stress vector xx,yy,xy,zx,yz
 -10 