   numel numnp nmat nmode  (This is for a brick ball)
448 512 1   0
matl no., E modulus, Poisson Ratio, density
0   100000000.0000           0.2700        2770.0000
el no.,connectivity, matl no
   0         0        32        33        64        96        97         0
   1         0        33         1        64        97        65         0
   2         1        33        34        65        97        98         0
   3         1        34         2        65        98        66         0
   4         2        34        35        66        98        99         0
   5         2        35         3        66        99        67         0
   6         3        35        36        67        99       100         0
   7         3        36         4        67       100        68         0
   8         4        36        37        68       100       101         0
   9         4        37         5        68       101        69         0
  10         5        37        38        69       101       102         0
  11         5        38         6        69       102        70         0
  12         6        38        39        70       102       103         0
  13         6        39         7        70       103        71         0
  14         7        39        40        71       103       104         0
  15         7        40         8        71       104        72         0
  16         8        40        41        72       104       105         0
  17         8        41         9        72       105        73         0
  18         9        41        42        73       105       106         0
  19         9        42        10        73       106        74         0
  20        10        42        43        74       106       107         0
  21        10        43        11        74       107        75         0
  22        11        43        44        75       107       108         0
  23        11        44        12        75       108        76         0
  24        12        44        45        76       108       109         0
  25        12        45        13        76       109        77         0
  26        13        45        46        77       109       110         0
  27        13        46        14        77       110        78         0
  28        14        46        47        78       110       111         0
  29        14        47        15        78       111        79         0
  30        15        47        48        79       111       112         0
  31        15        48        16        79       112        80         0
  32        16        48        49        80       112       113         0
  33        16        49        17        80       113        81         0
  34        17        49        50        81       113       114         0
  35        17        50        18        81       114        82         0
  36        18        50        51        82       114       115         0
  37        18        51        19        82       115        83         0
  38        19        51        52        83       115       116         0
  39        19        52        20        83       116        84         0
  40        20        52        53        84       116       117         0
  41        20        53        21        84       117        85         0
  42        21        53        54        85       117       118         0
  43        21        54        22        85       118        86         0
  44        22        54        55        86       118       119         0
  45        22        55        23        86       119        87         0
  46        23        55        56        87       119       120         0
  47        23        56        24        87       120        88         0
  48        24        56        57        88       120       121         0
  49        24        57        25        88       121        89         0
  50        25        57        58        89       121       122         0
  51        25        58        26        89       122        90         0
  52        26        58        59        90       122       123         0
  53        26        59        27        90       123        91         0
  54        27        59        60        91       123       124         0
  55        27        60        28        91       124        92         0
  56        28        60        61        92       124       125         0
  57        28        61        29        92       125        93         0
  58        29        61        62        93       125       126         0
  59        29        62        30        93       126        94         0
  60        30        62        63        94       126       127         0
  61        30        63        31        94       127        95         0
  62        31        63        32        95       127        96         0
  63        31        32         0        95        96        64         0
  64        64        96        97       128       160       161         0
  65        64        97        65       128       161       129         0
  66        65        97        98       129       161       162         0
  67        65        98        66       129       162       130         0
  68        66        98        99       130       162       163         0
  69        66        99        67       130       163       131         0
  70        67        99       100       131       163       164         0
  71        67       100        68       131       164       132         0
  72        68       100       101       132       164       165         0
  73        68       101        69       132       165       133         0
  74        69       101       102       133       165       166         0
  75        69       102        70       133       166       134         0
  76        70       102       103       134       166       167         0
  77        70       103        71       134       167       135         0
  78        71       103       104       135       167       168         0
  79        71       104        72       135       168       136         0
  80        72       104       105       136       168       169         0
  81        72       105        73       136       169       137         0
  82        73       105       106       137       169       170         0
  83        73       106        74       137       170       138         0
  84        74       106       107       138       170       171         0
  85        74       107        75       138       171       139         0
  86        75       107       108       139       171       172         0
  87        75       108        76       139       172       140         0
  88        76       108       109       140       172       173         0
  89        76       109        77       140       173       141         0
  90        77       109       110       141       173       174         0
  91        77       110        78       141       174       142         0
  92        78       110       111       142       174       175         0
  93        78       111        79       142       175       143         0
  94        79       111       112       143       175       176         0
  95        79       112        80       143       176       144         0
  96        80       112       113       144       176       177         0
  97        80       113        81       144       177       145         0
  98        81       113       114       145       177       178         0
  99        81       114        82       145       178       146         0
 100        82       114       115       146       178       179         0
 101        82       115        83       146       179       147         0
 102        83       115       116       147       179       180         0
 103        83       116        84       147       180       148         0
 104        84       116       117       148       180       181         0
 105        84       117        85       148       181       149         0
 106        85       117       118       149       181       182         0
 107        85       118        86       149       182       150         0
 108        86       118       119       150       182       183         0
 109        86       119        87       150       183       151         0
 110        87       119       120       151       183       184         0
 111        87       120        88       151       184       152         0
 112        88       120       121       152       184       185         0
 113        88       121        89       152       185       153         0
 114        89       121       122       153       185       186         0
 115        89       122        90       153       186       154         0
 116        90       122       123       154       186       187         0
 117        90       123        91       154       187       155         0
 118        91       123       124       155       187       188         0
 119        91       124        92       155       188       156         0
 120        92       124       125       156       188       189         0
 121        92       125        93       156       189       157         0
 122        93       125       126       157       189       190         0
 123        93       126        94       157       190       158         0
 124        94       126       127       158       190       191         0
 125        94       127        95       158       191       159         0
 126        95       127        96       159       191       160         0
 127        95        96        64       159       160       128         0
 128       128       160       161       192       224       225         0
 129       128       161       129       192       225       193         0
 130       129       161       162       193       225       226         0
 131       129       162       130       193       226       194         0
 132       130       162       163       194       226       227         0
 133       130       163       131       194       227       195         0
 134       131       163       164       195       227       228         0
 135       131       164       132       195       228       196         0
 136       132       164       165       196       228       229         0
 137       132       165       133       196       229       197         0
 138       133       165       166       197       229       230         0
 139       133       166       134       197       230       198         0
 140       134       166       167       198       230       231         0
 141       134       167       135       198       231       199         0
 142       135       167       168       199       231       232         0
 143       135       168       136       199       232       200         0
 144       136       168       169       200       232       233         0
 145       136       169       137       200       233       201         0
 146       137       169       170       201       233       234         0
 147       137       170       138       201       234       202         0
 148       138       170       171       202       234       235         0
 149       138       171       139       202       235       203         0
 150       139       171       172       203       235       236         0
 151       139       172       140       203       236       204         0
 152       140       172       173       204       236       237         0
 153       140       173       141       204       237       205         0
 154       141       173       174       205       237       238         0
 155       141       174       142       205       238       206         0
 156       142       174       175       206       238       239         0
 157       142       175       143       206       239       207         0
 158       143       175       176       207       239       240         0
 159       143       176       144       207       240       208         0
 160       144       176       177       208       240       241         0
 161       144       177       145       208       241       209         0
 162       145       177       178       209       241       242         0
 163       145       178       146       209       242       210         0
 164       146       178       179       210       242       243         0
 165       146       179       147       210       243       211         0
 166       147       179       180       211       243       244         0
 167       147       180       148       211       244       212         0
 168       148       180       181       212       244       245         0
 169       148       181       149       212       245       213         0
 170       149       181       182       213       245       246         0
 171       149       182       150       213       246       214         0
 172       150       182       183       214       246       247         0
 173       150       183       151       214       247       215         0
 174       151       183       184       215       247       248         0
 175       151       184       152       215       248       216         0
 176       152       184       185       216       248       249         0
 177       152       185       153       216       249       217         0
 178       153       185       186       217       249       250         0
 179       153       186       154       217       250       218         0
 180       154       186       187       218       250       251         0
 181       154       187       155       218       251       219         0
 182       155       187       188       219       251       252         0
 183       155       188       156       219       252       220         0
 184       156       188       189       220       252       253         0
 185       156       189       157       220       253       221         0
 186       157       189       190       221       253       254         0
 187       157       190       158       221       254       222         0
 188       158       190       191       222       254       255         0
 189       158       191       159       222       255       223         0
 190       159       191       160       223       255       224         0
 191       159       160       128       223       224       192         0
 192       192       224       225       256       288       289         0
 193       192       225       193       256       289       257         0
 194       193       225       226       257       289       290         0
 195       193       226       194       257       290       258         0
 196       194       226       227       258       290       291         0
 197       194       227       195       258       291       259         0
 198       195       227       228       259       291       292         0
 199       195       228       196       259       292       260         0
 200       196       228       229       260       292       293         0
 201       196       229       197       260       293       261         0
 202       197       229       230       261       293       294         0
 203       197       230       198       261       294       262         0
 204       198       230       231       262       294       295         0
 205       198       231       199       262       295       263         0
 206       199       231       232       263       295       296         0
 207       199       232       200       263       296       264         0
 208       200       232       233       264       296       297         0
 209       200       233       201       264       297       265         0
 210       201       233       234       265       297       298         0
 211       201       234       202       265       298       266         0
 212       202       234       235       266       298       299         0
 213       202       235       203       266       299       267         0
 214       203       235       236       267       299       300         0
 215       203       236       204       267       300       268         0
 216       204       236       237       268       300       301         0
 217       204       237       205       268       301       269         0
 218       205       237       238       269       301       302         0
 219       205       238       206       269       302       270         0
 220       206       238       239       270       302       303         0
 221       206       239       207       270       303       271         0
 222       207       239       240       271       303       304         0
 223       207       240       208       271       304       272         0
 224       208       240       241       272       304       305         0
 225       208       241       209       272       305       273         0
 226       209       241       242       273       305       306         0
 227       209       242       210       273       306       274         0
 228       210       242       243       274       306       307         0
 229       210       243       211       274       307       275         0
 230       211       243       244       275       307       308         0
 231       211       244       212       275       308       276         0
 232       212       244       245       276       308       309         0
 233       212       245       213       276       309       277         0
 234       213       245       246       277       309       310         0
 235       213       246       214       277       310       278         0
 236       214       246       247       278       310       311         0
 237       214       247       215       278       311       279         0
 238       215       247       248       279       311       312         0
 239       215       248       216       279       312       280         0
 240       216       248       249       280       312       313         0
 241       216       249       217       280       313       281         0
 242       217       249       250       281       313       314         0
 243       217       250       218       281       314       282         0
 244       218       250       251       282       314       315         0
 245       218       251       219       282       315       283         0
 246       219       251       252       283       315       316         0
 247       219       252       220       283       316       284         0
 248       220       252       253       284       316       317         0
 249       220       253       221       284       317       285         0
 250       221       253       254       285       317       318         0
 251       221       254       222       285       318       286         0
 252       222       254       255       286       318       319         0
 253       222       255       223       286       319       287         0
 254       223       255       224       287       319       288         0
 255       223       224       192       287       288       256         0
 256       256       288       289       320       352       353         0
 257       256       289       257       320       353       321         0
 258       257       289       290       321       353       354         0
 259       257       290       258       321       354       322         0
 260       258       290       291       322       354       355         0
 261       258       291       259       322       355       323         0
 262       259       291       292       323       355       356         0
 263       259       292       260       323       356       324         0
 264       260       292       293       324       356       357         0
 265       260       293       261       324       357       325         0
 266       261       293       294       325       357       358         0
 267       261       294       262       325       358       326         0
 268       262       294       295       326       358       359         0
 269       262       295       263       326       359       327         0
 270       263       295       296       327       359       360         0
 271       263       296       264       327       360       328         0
 272       264       296       297       328       360       361         0
 273       264       297       265       328       361       329         0
 274       265       297       298       329       361       362         0
 275       265       298       266       329       362       330         0
 276       266       298       299       330       362       363         0
 277       266       299       267       330       363       331         0
 278       267       299       300       331       363       364         0
 279       267       300       268       331       364       332         0
 280       268       300       301       332       364       365         0
 281       268       301       269       332       365       333         0
 282       269       301       302       333       365       366         0
 283       269       302       270       333       366       334         0
 284       270       302       303       334       366       367         0
 285       270       303       271       334       367       335         0
 286       271       303       304       335       367       368         0
 287       271       304       272       335       368       336         0
 288       272       304       305       336       368       369         0
 289       272       305       273       336       369       337         0
 290       273       305       306       337       369       370         0
 291       273       306       274       337       370       338         0
 292       274       306       307       338       370       371         0
 293       274       307       275       338       371       339         0
 294       275       307       308       339       371       372         0
 295       275       308       276       339       372       340         0
 296       276       308       309       340       372       373         0
 297       276       309       277       340       373       341         0
 298       277       309       310       341       373       374         0
 299       277       310       278       341       374       342         0
 300       278       310       311       342       374       375         0
 301       278       311       279       342       375       343         0
 302       279       311       312       343       375       376         0
 303       279       312       280       343       376       344         0
 304       280       312       313       344       376       377         0
 305       280       313       281       344       377       345         0
 306       281       313       314       345       377       378         0
 307       281       314       282       345       378       346         0
 308       282       314       315       346       378       379         0
 309       282       315       283       346       379       347         0
 310       283       315       316       347       379       380         0
 311       283       316       284       347       380       348         0
 312       284       316       317       348       380       381         0
 313       284       317       285       348       381       349         0
 314       285       317       318       349       381       382         0
 315       285       318       286       349       382       350         0
 316       286       318       319       350       382       383         0
 317       286       319       287       350       383       351         0
 318       287       319       288       351       383       352         0
 319       287       288       256       351       352       320         0
 320       320       352       353       384       416       417         0
 321       320       353       321       384       417       385         0
 322       321       353       354       385       417       418         0
 323       321       354       322       385       418       386         0
 324       322       354       355       386       418       419         0
 325       322       355       323       386       419       387         0
 326       323       355       356       387       419       420         0
 327       323       356       324       387       420       388         0
 328       324       356       357       388       420       421         0
 329       324       357       325       388       421       389         0
 330       325       357       358       389       421       422         0
 331       325       358       326       389       422       390         0
 332       326       358       359       390       422       423         0
 333       326       359       327       390       423       391         0
 334       327       359       360       391       423       424         0
 335       327       360       328       391       424       392         0
 336       328       360       361       392       424       425         0
 337       328       361       329       392       425       393         0
 338       329       361       362       393       425       426         0
 339       329       362       330       393       426       394         0
 340       330       362       363       394       426       427         0
 341       330       363       331       394       427       395         0
 342       331       363       364       395       427       428         0
 343       331       364       332       395       428       396         0
 344       332       364       365       396       428       429         0
 345       332       365       333       396       429       397         0
 346       333       365       366       397       429       430         0
 347       333       366       334       397       430       398         0
 348       334       366       367       398       430       431         0
 349       334       367       335       398       431       399         0
 350       335       367       368       399       431       432         0
 351       335       368       336       399       432       400         0
 352       336       368       369       400       432       433         0
 353       336       369       337       400       433       401         0
 354       337       369       370       401       433       434         0
 355       337       370       338       401       434       402         0
 356       338       370       371       402       434       435         0
 357       338       371       339       402       435       403         0
 358       339       371       372       403       435       436         0
 359       339       372       340       403       436       404         0
 360       340       372       373       404       436       437         0
 361       340       373       341       404       437       405         0
 362       341       373       374       405       437       438         0
 363       341       374       342       405       438       406         0
 364       342       374       375       406       438       439         0
 365       342       375       343       406       439       407         0
 366       343       375       376       407       439       440         0
 367       343       376       344       407       440       408         0
 368       344       376       377       408       440       441         0
 369       344       377       345       408       441       409         0
 370       345       377       378       409       441       442         0
 371       345       378       346       409       442       410         0
 372       346       378       379       410       442       443         0
 373       346       379       347       410       443       411         0
 374       347       379       380       411       443       444         0
 375       347       380       348       411       444       412         0
 376       348       380       381       412       444       445         0
 377       348       381       349       412       445       413         0
 378       349       381       382       413       445       446         0
 379       349       382       350       413       446       414         0
 380       350       382       383       414       446       447         0
 381       350       383       351       414       447       415         0
 382       351       383       352       415       447       416         0
 383       351       352       320       415       416       384         0
 384       384       416       417       448       480       481         0
 385       384       417       385       448       481       449         0
 386       385       417       418       449       481       482         0
 387       385       418       386       449       482       450         0
 388       386       418       419       450       482       483         0
 389       386       419       387       450       483       451         0
 390       387       419       420       451       483       484         0
 391       387       420       388       451       484       452         0
 392       388       420       421       452       484       485         0
 393       388       421       389       452       485       453         0
 394       389       421       422       453       485       486         0
 395       389       422       390       453       486       454         0
 396       390       422       423       454       486       487         0
 397       390       423       391       454       487       455         0
 398       391       423       424       455       487       488         0
 399       391       424       392       455       488       456         0
 400       392       424       425       456       488       489         0
 401       392       425       393       456       489       457         0
 402       393       425       426       457       489       490         0
 403       393       426       394       457       490       458         0
 404       394       426       427       458       490       491         0
 405       394       427       395       458       491       459         0
 406       395       427       428       459       491       492         0
 407       395       428       396       459       492       460         0
 408       396       428       429       460       492       493         0
 409       396       429       397       460       493       461         0
 410       397       429       430       461       493       494         0
 411       397       430       398       461       494       462         0
 412       398       430       431       462       494       495         0
 413       398       431       399       462       495       463         0
 414       399       431       432       463       495       496         0
 415       399       432       400       463       496       464         0
 416       400       432       433       464       496       497         0
 417       400       433       401       464       497       465         0
 418       401       433       434       465       497       498         0
 419       401       434       402       465       498       466         0
 420       402       434       435       466       498       499         0
 421       402       435       403       466       499       467         0
 422       403       435       436       467       499       500         0
 423       403       436       404       467       500       468         0
 424       404       436       437       468       500       501         0
 425       404       437       405       468       501       469         0
 426       405       437       438       469       501       502         0
 427       405       438       406       469       502       470         0
 428       406       438       439       470       502       503         0
 429       406       439       407       470       503       471         0
 430       407       439       440       471       503       504         0
 431       407       440       408       471       504       472         0
 432       408       440       441       472       504       505         0
 433       408       441       409       472       505       473         0
 434       409       441       442       473       505       506         0
 435       409       442       410       473       506       474         0
 436       410       442       443       474       506       507         0
 437       410       443       411       474       507       475         0
 438       411       443       444       475       507       508         0
 439       411       444       412       475       508       476         0
 440       412       444       445       476       508       509         0
 441       412       445       413       476       509       477         0
 442       413       445       446       477       509       510         0
 443       413       446       414       477       510       478         0
 444       414       446       447       478       510       511         0
 445       414       447       415       478       511       479         0
 446       415       447       416       479       511       480         0
 447       415       416       384       479       480       448         0
node no. coordinates
   0   -0.00000  -1.87938  -0.68404 
   1   -0.13345  -1.87938  -0.67090 
   2   -0.26177  -1.87938  -0.63198 
   3   -0.38003  -1.87938  -0.56876 
   4   -0.48369  -1.87938  -0.48369 
   5   -0.56876  -1.87938  -0.38004 
   6   -0.63197  -1.87938  -0.26177 
   7   -0.67090  -1.87938  -0.13345 
   8   -0.68404  -1.87938  -0.00000 
   9   -0.67090  -1.87938   0.13345 
  10   -0.63198  -1.87938   0.26177 
  11   -0.56876  -1.87938   0.38003 
  12   -0.48369  -1.87938   0.48369 
  13   -0.38004  -1.87938   0.56876 
  14   -0.26177  -1.87938   0.63197 
  15   -0.13345  -1.87938   0.67090 
  16   -0.00000  -1.87938   0.68404 
  17    0.13345  -1.87938   0.67090 
  18    0.26177  -1.87938   0.63198 
  19    0.38003  -1.87938   0.56876 
  20    0.48369  -1.87938   0.48369 
  21    0.56876  -1.87938   0.38004 
  22    0.63197  -1.87938   0.26177 
  23    0.67090  -1.87938   0.13345 
  24    0.68404  -1.87938   0.00000 
  25    0.67090  -1.87938  -0.13345 
  26    0.63198  -1.87938  -0.26177 
  27    0.56876  -1.87938  -0.38003 
  28    0.48369  -1.87938  -0.48369 
  29    0.38004  -1.87938  -0.56876 
  30    0.26178  -1.87938  -0.63197 
  31    0.13345  -1.87938  -0.67090 
  32   -0.00000  -2.34923  -0.85506 
  33   -0.16681  -2.34923  -0.83863 
  34   -0.32722  -2.34923  -0.78997 
  35   -0.47504  -2.34923  -0.71095 
  36   -0.60462  -2.34923  -0.60462 
  37   -0.71095  -2.34923  -0.47504 
  38   -0.78997  -2.34923  -0.32722 
  39   -0.83863  -2.34923  -0.16681 
  40   -0.85506  -2.34923  -0.00000 
  41   -0.83863  -2.34923   0.16681 
  42   -0.78997  -2.34923   0.32721 
  43   -0.71095  -2.34923   0.47504 
  44   -0.60462  -2.34923   0.60461 
  45   -0.47505  -2.34923   0.71095 
  46   -0.32722  -2.34923   0.78997 
  47   -0.16682  -2.34923   0.83863 
  48   -0.00000  -2.34923   0.85506 
  49    0.16681  -2.34923   0.83863 
  50    0.32721  -2.34923   0.78997 
  51    0.47504  -2.34923   0.71095 
  52    0.60461  -2.34923   0.60462 
  53    0.71095  -2.34923   0.47505 
  54    0.78997  -2.34923   0.32722 
  55    0.83863  -2.34923   0.16682 
  56    0.85506  -2.34923   0.00000 
  57    0.83863  -2.34923  -0.16681 
  58    0.78997  -2.34923  -0.32721 
  59    0.71096  -2.34923  -0.47504 
  60    0.60462  -2.34923  -0.60461 
  61    0.47505  -2.34923  -0.71095 
  62    0.32722  -2.34923  -0.78997 
  63    0.16682  -2.34923  -0.83863 
  64   -0.00000  -1.53209  -1.28558 
  65   -0.25080  -1.53209  -1.26088 
  66   -0.49197  -1.53209  -1.18772 
  67   -0.71423  -1.53209  -1.06892 
  68   -0.90904  -1.53209  -0.90904 
  69   -1.06892  -1.53209  -0.71423 
  70   -1.18772  -1.53209  -0.49197 
  71   -1.26088  -1.53209  -0.25081 
  72   -1.28558  -1.53209  -0.00000 
  73   -1.26088  -1.53209   0.25080 
  74   -1.18772  -1.53209   0.49197 
  75   -1.06892  -1.53209   0.71423 
  76   -0.90904  -1.53209   0.90904 
  77   -0.71423  -1.53209   1.06892 
  78   -0.49197  -1.53209   1.18772 
  79   -0.25081  -1.53209   1.26088 
  80   -0.00000  -1.53209   1.28558 
  81    0.25080  -1.53209   1.26088 
  82    0.49197  -1.53209   1.18772 
  83    0.71423  -1.53209   1.06892 
  84    0.90904  -1.53209   0.90904 
  85    1.06892  -1.53209   0.71423 
  86    1.18772  -1.53209   0.49197 
  87    1.26088  -1.53209   0.25081 
  88    1.28558  -1.53209   0.00001 
  89    1.26088  -1.53209  -0.25080 
  90    1.18772  -1.53209  -0.49196 
  91    1.06892  -1.53209  -0.71422 
  92    0.90905  -1.53209  -0.90904 
  93    0.71423  -1.53209  -1.06892 
  94    0.49198  -1.53209  -1.18772 
  95    0.25081  -1.53209  -1.26088 
  96   -0.00000  -1.91511  -1.60697 
  97   -0.31350  -1.91511  -1.57610 
  98   -0.61496  -1.91511  -1.48465 
  99   -0.89279  -1.91511  -1.33615 
 100   -1.13630  -1.91511  -1.13630 
 101   -1.33615  -1.91511  -0.89279 
 102   -1.48465  -1.91511  -0.61496 
 103   -1.57610  -1.91511  -0.31351 
 104   -1.60697  -1.91511  -0.00000 
 105   -1.57610  -1.91511   0.31350 
 106   -1.48465  -1.91511   0.61496 
 107   -1.33615  -1.91511   0.89278 
 108   -1.13630  -1.91511   1.13630 
 109   -0.89279  -1.91511   1.33615 
 110   -0.61497  -1.91511   1.48465 
 111   -0.31351  -1.91511   1.57609 
 112   -0.00000  -1.91511   1.60697 
 113    0.31350  -1.91511   1.57610 
 114    0.61496  -1.91511   1.48465 
 115    0.89278  -1.91511   1.33615 
 116    1.13630  -1.91511   1.13631 
 117    1.33615  -1.91511   0.89279 
 118    1.48465  -1.91511   0.61497 
 119    1.57609  -1.91511   0.31351 
 120    1.60697  -1.91511   0.00001 
 121    1.57610  -1.91511  -0.31350 
 122    1.48465  -1.91511  -0.61496 
 123    1.33615  -1.91511  -0.89278 
 124    1.13631  -1.91511  -1.13630 
 125    0.89279  -1.91511  -1.33614 
 126    0.61497  -1.91511  -1.48465 
 127    0.31351  -1.91511  -1.57609 
 128   -0.00000  -1.00000  -1.73205 
 129   -0.33791  -1.00000  -1.69877 
 130   -0.66283  -1.00000  -1.60021 
 131   -0.96228  -1.00000  -1.44015 
 132   -1.22475  -1.00000  -1.22475 
 133   -1.44015  -1.00000  -0.96228 
 134   -1.60021  -1.00000  -0.66283 
 135   -1.69877  -1.00000  -0.33791 
 136   -1.73205  -1.00000  -0.00000 
 137   -1.69877  -1.00000   0.33790 
 138   -1.60021  -1.00000   0.66283 
 139   -1.44015  -1.00000   0.96227 
 140   -1.22475  -1.00000   1.22474 
 141   -0.96228  -1.00000   1.44015 
 142   -0.66283  -1.00000   1.60021 
 143   -0.33791  -1.00000   1.69877 
 144   -0.00000  -1.00000   1.73205 
 145    0.33790  -1.00000   1.69877 
 146    0.66282  -1.00000   1.60021 
 147    0.96227  -1.00000   1.44015 
 148    1.22474  -1.00000   1.22475 
 149    1.44015  -1.00000   0.96228 
 150    1.60021  -1.00000   0.66283 
 151    1.69877  -1.00000   0.33791 
 152    1.73205  -1.00000   0.00001 
 153    1.69877  -1.00000  -0.33790 
 154    1.60021  -1.00000  -0.66282 
 155    1.44015  -1.00000  -0.96227 
 156    1.22475  -1.00000  -1.22474 
 157    0.96228  -1.00000  -1.44014 
 158    0.66284  -1.00000  -1.60020 
 159    0.33792  -1.00000  -1.69877 
 160   -0.00000  -1.25000  -2.16507 
 161   -0.42238  -1.25000  -2.12346 
 162   -0.82853  -1.25000  -2.00026 
 163   -1.20285  -1.25000  -1.80019 
 164   -1.53093  -1.25000  -1.53093 
 165   -1.80019  -1.25000  -1.20285 
 166   -2.00026  -1.25000  -0.82854 
 167   -2.12346  -1.25000  -0.42239 
 168   -2.16507  -1.25000  -0.00000 
 169   -2.12347  -1.25000   0.42238 
 170   -2.00026  -1.25000   0.82853 
 171   -1.80019  -1.25000   1.20284 
 172   -1.53094  -1.25000   1.53093 
 173   -1.20285  -1.25000   1.80018 
 174   -0.82854  -1.25000   2.00026 
 175   -0.42239  -1.25000   2.12346 
 176   -0.00001  -1.25000   2.16507 
 177    0.42238  -1.25000   2.12347 
 178    0.82853  -1.25000   2.00026 
 179    1.20284  -1.25000   1.80019 
 180    1.53093  -1.25000   1.53094 
 181    1.80018  -1.25000   1.20285 
 182    2.00026  -1.25000   0.82854 
 183    2.12346  -1.25000   0.42239 
 184    2.16507  -1.25000   0.00001 
 185    2.12347  -1.25000  -0.42237 
 186    2.00026  -1.25000  -0.82853 
 187    1.80019  -1.25000  -1.20284 
 188    1.53094  -1.25000  -1.53093 
 189    1.20285  -1.25000  -1.80018 
 190    0.82854  -1.25000  -2.00026 
 191    0.42239  -1.25000  -2.12346 
 192   -0.00000  -0.34729  -1.96962 
 193   -0.38425  -0.34729  -1.93177 
 194   -0.75374  -0.34729  -1.81969 
 195   -1.09426  -0.34729  -1.63768 
 196   -1.39273  -0.34729  -1.39273 
 197   -1.63767  -0.34729  -1.09426 
 198   -1.81969  -0.34729  -0.75374 
 199   -1.93177  -0.34729  -0.38426 
 200   -1.96962  -0.34729  -0.00000 
 201   -1.93177  -0.34729   0.38425 
 202   -1.81969  -0.34729   0.75374 
 203   -1.63768  -0.34729   1.09426 
 204   -1.39273  -0.34729   1.39273 
 205   -1.09426  -0.34729   1.63767 
 206   -0.75374  -0.34729   1.81969 
 207   -0.38426  -0.34729   1.93177 
 208   -0.00001  -0.34729   1.96962 
 209    0.38425  -0.34729   1.93177 
 210    0.75373  -0.34729   1.81969 
 211    1.09425  -0.34729   1.63768 
 212    1.39272  -0.34729   1.39273 
 213    1.63767  -0.34729   1.09427 
 214    1.81969  -0.34729   0.75375 
 215    1.93177  -0.34729   0.38426 
 216    1.96962  -0.34729   0.00001 
 217    1.93177  -0.34729  -0.38425 
 218    1.81969  -0.34729  -0.75373 
 219    1.63768  -0.34729  -1.09425 
 220    1.39274  -0.34729  -1.39272 
 221    1.09427  -0.34729  -1.63767 
 222    0.75375  -0.34729  -1.81968 
 223    0.38426  -0.34729  -1.93177 
 224   -0.00000  -0.43412  -2.46202 
 225   -0.48032  -0.43412  -2.41471 
 226   -0.94217  -0.43412  -2.27461 
 227   -1.36782  -0.43412  -2.04710 
 228   -1.74091  -0.43412  -1.74091 
 229   -2.04709  -0.43412  -1.36783 
 230   -2.27461  -0.43412  -0.94218 
 231   -2.41471  -0.43412  -0.48032 
 232   -2.46202  -0.43412  -0.00000 
 233   -2.41471  -0.43412   0.48031 
 234   -2.27461  -0.43412   0.94217 
 235   -2.04710  -0.43412   1.36782 
 236   -1.74091  -0.43412   1.74091 
 237   -1.36783  -0.43412   2.04709 
 238   -0.94218  -0.43412   2.27461 
 239   -0.48032  -0.43412   2.41471 
 240   -0.00001  -0.43412   2.46202 
 241    0.48031  -0.43412   2.41471 
 242    0.94217  -0.43412   2.27461 
 243    1.36782  -0.43412   2.04710 
 244    1.74091  -0.43412   1.74092 
 245    2.04709  -0.43412   1.36783 
 246    2.27461  -0.43412   0.94218 
 247    2.41471  -0.43412   0.48033 
 248    2.46202  -0.43412   0.00001 
 249    2.41471  -0.43412  -0.48031 
 250    2.27461  -0.43412  -0.94216 
 251    2.04710  -0.43412  -1.36782 
 252    1.74092  -0.43412  -1.74090 
 253    1.36783  -0.43412  -2.04709 
 254    0.94219  -0.43412  -2.27461 
 255    0.48033  -0.43412  -2.41471 
 256   -0.00000   0.34730  -1.96962 
 257   -0.38425   0.34730  -1.93177 
 258   -0.75374   0.34730  -1.81969 
 259   -1.09426   0.34730  -1.63768 
 260   -1.39273   0.34730  -1.39273 
 261   -1.63767   0.34730  -1.09426 
 262   -1.81969   0.34730  -0.75374 
 263   -1.93177   0.34730  -0.38426 
 264   -1.96962   0.34730  -0.00000 
 265   -1.93177   0.34730   0.38425 
 266   -1.81969   0.34730   0.75374 
 267   -1.63768   0.34730   1.09426 
 268   -1.39273   0.34730   1.39273 
 269   -1.09426   0.34730   1.63767 
 270   -0.75374   0.34730   1.81969 
 271   -0.38426   0.34730   1.93177 
 272   -0.00001   0.34730   1.96962 
 273    0.38425   0.34730   1.93177 
 274    0.75373   0.34730   1.81969 
 275    1.09425   0.34730   1.63768 
 276    1.39272   0.34730   1.39273 
 277    1.63767   0.34730   1.09427 
 278    1.81968   0.34730   0.75375 
 279    1.93177   0.34730   0.38426 
 280    1.96962   0.34730   0.00001 
 281    1.93177   0.34730  -0.38424 
 282    1.81969   0.34730  -0.75373 
 283    1.63768   0.34730  -1.09425 
 284    1.39273   0.34730  -1.39272 
 285    1.09427   0.34730  -1.63767 
 286    0.75375   0.34730  -1.81968 
 287    0.38426   0.34730  -1.93177 
 288   -0.00000   0.43412  -2.46202 
 289   -0.48032   0.43412  -2.41471 
 290   -0.94217   0.43412  -2.27461 
 291   -1.36782   0.43412  -2.04709 
 292   -1.74091   0.43412  -1.74091 
 293   -2.04709   0.43412  -1.36783 
 294   -2.27461   0.43412  -0.94218 
 295   -2.41471   0.43412  -0.48032 
 296   -2.46202   0.43412  -0.00000 
 297   -2.41471   0.43412   0.48031 
 298   -2.27461   0.43412   0.94217 
 299   -2.04710   0.43412   1.36782 
 300   -1.74091   0.43412   1.74091 
 301   -1.36783   0.43412   2.04709 
 302   -0.94218   0.43412   2.27461 
 303   -0.48032   0.43412   2.41471 
 304   -0.00001   0.43412   2.46202 
 305    0.48031   0.43412   2.41471 
 306    0.94217   0.43412   2.27461 
 307    1.36782   0.43412   2.04710 
 308    1.74090   0.43412   1.74092 
 309    2.04709   0.43412   1.36783 
 310    2.27461   0.43412   0.94218 
 311    2.41471   0.43412   0.48033 
 312    2.46202   0.43412   0.00001 
 313    2.41471   0.43412  -0.48031 
 314    2.27461   0.43412  -0.94216 
 315    2.04710   0.43412  -1.36782 
 316    1.74092   0.43412  -1.74090 
 317    1.36783   0.43412  -2.04709 
 318    0.94219   0.43412  -2.27460 
 319    0.48033   0.43412  -2.41471 
 320   -0.00000   1.00000  -1.73205 
 321   -0.33791   1.00000  -1.69877 
 322   -0.66283   1.00000  -1.60021 
 323   -0.96227   1.00000  -1.44015 
 324   -1.22474   1.00000  -1.22475 
 325   -1.44015   1.00000  -0.96228 
 326   -1.60020   1.00000  -0.66283 
 327   -1.69877   1.00000  -0.33791 
 328   -1.73205   1.00000  -0.00000 
 329   -1.69877   1.00000   0.33790 
 330   -1.60021   1.00000   0.66282 
 331   -1.44015   1.00000   0.96227 
 332   -1.22475   1.00000   1.22474 
 333   -0.96228   1.00000   1.44014 
 334   -0.66283   1.00000   1.60020 
 335   -0.33791   1.00000   1.69877 
 336   -0.00000   1.00000   1.73205 
 337    0.33790   1.00000   1.69877 
 338    0.66282   1.00000   1.60021 
 339    0.96227   1.00000   1.44015 
 340    1.22474   1.00000   1.22475 
 341    1.44014   1.00000   0.96228 
 342    1.60020   1.00000   0.66283 
 343    1.69877   1.00000   0.33791 
 344    1.73205   1.00000   0.00001 
 345    1.69877   1.00000  -0.33790 
 346    1.60021   1.00000  -0.66282 
 347    1.44015   1.00000  -0.96227 
 348    1.22475   1.00000  -1.22474 
 349    0.96228   1.00000  -1.44014 
 350    0.66283   1.00000  -1.60020 
 351    0.33791   1.00000  -1.69877 
 352   -0.00000   1.25000  -2.16506 
 353   -0.42238   1.25000  -2.12346 
 354   -0.82853   1.25000  -2.00026 
 355   -1.20284   1.25000  -1.80018 
 356   -1.53093   1.25000  -1.53093 
 357   -1.80018   1.25000  -1.20285 
 358   -2.00026   1.25000  -0.82854 
 359   -2.12346   1.25000  -0.42239 
 360   -2.16506   1.25000  -0.00000 
 361   -2.12346   1.25000   0.42238 
 362   -2.00026   1.25000   0.82853 
 363   -1.80019   1.25000   1.20284 
 364   -1.53093   1.25000   1.53093 
 365   -1.20285   1.25000   1.80018 
 366   -0.82854   1.25000   2.00025 
 367   -0.42239   1.25000   2.12346 
 368   -0.00001   1.25000   2.16506 
 369    0.42238   1.25000   2.12346 
 370    0.82853   1.25000   2.00026 
 371    1.20284   1.25000   1.80019 
 372    1.53093   1.25000   1.53094 
 373    1.80018   1.25000   1.20285 
 374    2.00025   1.25000   0.82854 
 375    2.12346   1.25000   0.42239 
 376    2.16506   1.25000   0.00001 
 377    2.12346   1.25000  -0.42237 
 378    2.00026   1.25000  -0.82852 
 379    1.80019   1.25000  -1.20284 
 380    1.53094   1.25000  -1.53092 
 381    1.20285   1.25000  -1.80018 
 382    0.82854   1.25000  -2.00025 
 383    0.42239   1.25000  -2.12346 
 384   -0.00000   1.53209  -1.28557 
 385   -0.25080   1.53209  -1.26087 
 386   -0.49197   1.53209  -1.18772 
 387   -0.71423   1.53209  -1.06892 
 388   -0.90904   1.53209  -0.90904 
 389   -1.06892   1.53209  -0.71423 
 390   -1.18772   1.53209  -0.49197 
 391   -1.26087   1.53209  -0.25080 
 392   -1.28557   1.53209  -0.00000 
 393   -1.26087   1.53209   0.25080 
 394   -1.18772   1.53209   0.49197 
 395   -1.06892   1.53209   0.71422 
 396   -0.90904   1.53209   0.90904 
 397   -0.71423   1.53209   1.06891 
 398   -0.49197   1.53209   1.18771 
 399   -0.25081   1.53209   1.26087 
 400   -0.00000   1.53209   1.28557 
 401    0.25080   1.53209   1.26087 
 402    0.49196   1.53209   1.18772 
 403    0.71422   1.53209   1.06892 
 404    0.90904   1.53209   0.90904 
 405    1.06891   1.53209   0.71423 
 406    1.18771   1.53209   0.49197 
 407    1.26087   1.53209   0.25081 
 408    1.28557   1.53209   0.00001 
 409    1.26087   1.53209  -0.25080 
 410    1.18772   1.53209  -0.49196 
 411    1.06892   1.53209  -0.71422 
 412    0.90904   1.53209  -0.90903 
 413    0.71423   1.53209  -1.06891 
 414    0.49197   1.53209  -1.18771 
 415    0.25081   1.53209  -1.26087 
 416   -0.00000   1.91511  -1.60697 
 417   -0.31350   1.91511  -1.57609 
 418   -0.61496   1.91511  -1.48464 
 419   -0.89278   1.91511  -1.33615 
 420   -1.13630   1.91511  -1.13630 
 421   -1.33614   1.91511  -0.89278 
 422   -1.48464   1.91511  -0.61496 
 423   -1.57609   1.91511  -0.31351 
 424   -1.60697   1.91511  -0.00000 
 425   -1.57609   1.91511   0.31350 
 426   -1.48465   1.91511   0.61496 
 427   -1.33615   1.91511   0.89278 
 428   -1.13630   1.91511   1.13630 
 429   -0.89279   1.91511   1.33614 
 430   -0.61496   1.91511   1.48464 
 431   -0.31351   1.91511   1.57609 
 432   -0.00000   1.91511   1.60697 
 433    0.31350   1.91511   1.57609 
 434    0.61496   1.91511   1.48465 
 435    0.89278   1.91511   1.33615 
 436    1.13629   1.91511   1.13630 
 437    1.33614   1.91511   0.89279 
 438    1.48464   1.91511   0.61497 
 439    1.57609   1.91511   0.31351 
 440    1.60697   1.91511   0.00001 
 441    1.57609   1.91511  -0.31350 
 442    1.48465   1.91511  -0.61495 
 443    1.33615   1.91511  -0.89278 
 444    1.13630   1.91511  -1.13629 
 445    0.89279   1.91511  -1.33614 
 446    0.61497   1.91511  -1.48464 
 447    0.31351   1.91511  -1.57609 
 448   -0.00000   1.87939  -0.68404 
 449   -0.13345   1.87939  -0.67090 
 450   -0.26177   1.87939  -0.63197 
 451   -0.38003   1.87939  -0.56876 
 452   -0.48369   1.87939  -0.48369 
 453   -0.56876   1.87939  -0.38003 
 454   -0.63197   1.87939  -0.26177 
 455   -0.67090   1.87939  -0.13345 
 456   -0.68404   1.87939  -0.00000 
 457   -0.67090   1.87939   0.13345 
 458   -0.63197   1.87939   0.26177 
 459   -0.56876   1.87939   0.38003 
 460   -0.48369   1.87939   0.48369 
 461   -0.38003   1.87939   0.56876 
 462   -0.26177   1.87939   0.63197 
 463   -0.13345   1.87939   0.67090 
 464   -0.00000   1.87939   0.68404 
 465    0.13345   1.87939   0.67090 
 466    0.26177   1.87939   0.63197 
 467    0.38003   1.87939   0.56876 
 468    0.48369   1.87939   0.48369 
 469    0.56876   1.87939   0.38003 
 470    0.63197   1.87939   0.26177 
 471    0.67090   1.87939   0.13345 
 472    0.68404   1.87939   0.00000 
 473    0.67090   1.87939  -0.13345 
 474    0.63197   1.87939  -0.26177 
 475    0.56876   1.87939  -0.38003 
 476    0.48369   1.87939  -0.48369 
 477    0.38003   1.87939  -0.56876 
 478    0.26177   1.87939  -0.63197 
 479    0.13345   1.87939  -0.67090 
 480   -0.00000   2.34923  -0.85505 
 481   -0.16681   2.34923  -0.83862 
 482   -0.32721   2.34923  -0.78996 
 483   -0.47504   2.34923  -0.71095 
 484   -0.60461   2.34923  -0.60461 
 485   -0.71095   2.34923  -0.47504 
 486   -0.78996   2.34923  -0.32721 
 487   -0.83862   2.34923  -0.16681 
 488   -0.85505   2.34923  -0.00000 
 489   -0.83862   2.34923   0.16681 
 490   -0.78996   2.34923   0.32721 
 491   -0.71095   2.34923   0.47504 
 492   -0.60461   2.34923   0.60461 
 493   -0.47504   2.34923   0.71095 
 494   -0.32722   2.34923   0.78996 
 495   -0.16681   2.34923   0.83862 
 496   -0.00000   2.34923   0.85505 
 497    0.16681   2.34923   0.83862 
 498    0.32721   2.34923   0.78996 
 499    0.47504   2.34923   0.71095 
 500    0.60461   2.34923   0.60461 
 501    0.71095   2.34923   0.47504 
 502    0.78996   2.34923   0.32722 
 503    0.83862   2.34923   0.16682 
 504    0.85505   2.34923   0.00000 
 505    0.83862   2.34923  -0.16681 
 506    0.78996   2.34923  -0.32721 
 507    0.71095   2.34923  -0.47504 
 508    0.60461   2.34923  -0.60461 
 509    0.47504   2.34923  -0.71095 
 510    0.32722   2.34923  -0.78996 
 511    0.16682   2.34923  -0.83862 
prescribed displacement x: node  disp value
    317  0.0
    318  0.0
    319  0.0
    352  0.0
    353  0.0
    354  0.0
 -10
 prescribed displacement y: node  disp value
    317  0.0
    318  0.0
    319  0.0
    352  0.0
    353  0.0
    354  0.0
 -10
 prescribed displacement z: node  disp value
    317  0.0
    318  0.0
    319  0.0
    352  0.0
    353  0.0
    354  0.0
 -10
 node with point load and load vector in x,y,z
    238       0.0     0.0     -5000
    239       0.0     0.0     -5000
    240       0.0     0.0     -5000
    241       0.0     0.0     -5000
    242       0.0     0.0     -5000
    270       0.0     0.0     -5000
    271       0.0     0.0     -5000
    272       0.0     0.0     -5000
    273       0.0     0.0     -5000
    274       0.0     0.0     -5000
    302       0.0     0.0     -5000
    303       0.0     0.0     -5000
    304       0.0     0.0     -5000
    305       0.0     0.0     -5000
    306       0.0     0.0     -5000
 -10
node no. with stress and stress vector in xx,yy,zz,xy,zx,yz
 -10


How many levels you want(2-10) ?
8
What is the Radius ?
2.0
What is the Thickness ?
.5
What type of element is this for?
1) brick
2) shell
1

