   numel numnp nmat nmode This is for a 6 node wedge
390 348 1 0
matl no., E modulus, Poisson Ratio, and density
   0   1.000000e+07   3.000000e-01   2.238300e+03
el no., connectivity, matl no
     0         4        42        43        62       100       101         0
     1        27        38        33        85        96        91         0
     2         1         2        43        59        60       101         0
     3        49        29        32       107        87        90         0
     4        32        43        42        90       101       100         0
     5        21        36        20        79        94        78         0
     6        21        22        35        79        80        93         0
     7        34        42         6        92       100        64         0
     8        28        36        35        86        94        93         0
     9        34         6         7        92        64        65         0
    10        39         9        40        97        67        98         0
    11        39         8         9        97        66        67         0
    12        39         7         8        97        65        66         0
    13        40        12        38        98        70        96         0
    14        14        33        38        72        91        96         0
    15        15        16        41        73        74        99         0
    16         3        43         2        61       101        60         0
    17        12        13        38        70        71        96         0
    18        27        30        38        85        88        96         0
    19        14        15        33        72        73        91         0
    20        32        34        26        90        92        84         0
    21        38        30        40        96        88        98         0
    22        41        16        17        99        74        75         0
    23        48        28        25       106        86        83         0
    24        36        18        19        94        76        77         0
    25        34         7        39        92        65        97         0
    26        36        41        18        94        99        76         0
    27         0         1        37        58        59        95         0
    28        27        33        31        85        91        89         0
    29        20        36        19        78        94        77         0
    30        51        26        30       109        84        88         0
    31        21        35        36        79        93        94         0
    32        18        41        17        76        99        75         0
    33        39        26        34        97        84        92         0
    34        24        49        54        82       107       112         0
    35        31        48        27        89       106        85         0
    36        46        54        51       104       112       109         0
    37        43        29        37       101        87        95         0
    38         3         4        43        61        62       101         0
    39        47        48        25       105       106        83         0
    40        13        14        38        71        72        96         0
    41        36        31        41        94        89        99         0
    42        28        31        36        86        89        94         0
    43        11        40        10        69        98        68         0
    44        49        32        26       107        90        84         0
    45        42         4         5       100        62        63         0
    46        40         9        10        98        67        68         0
    47        26        39        30        84        97        88         0
    48        40        11        12        98        69        70         0
    49        39        40        30        97        98        88         0
    50        31        33        41        89        91        99         0
    51        15        41        33        73        99        91         0
    52         6        42         5        64       100        63         0
    53        34        32        42        92        90       100         0
    54        29        43        32        87       101        90         0
    55         1        43        37        59       101        95         0
    56        46        47        50       104       105       108         0
    57        46        44        52       104       102       110         0
    58        55        57        50       113       115       108         0
    59        48        47        56       106       105       114         0
    60        47        45        50       105       103       108         0
    61        56        46        51       114       104       109         0
    62        28        48        31        86       106        89         0
    63        45        47        53       103       105       111         0
    64        54        49        26       112       107        84         0
    65        29        49        24        87       107        82         0
    66        47        25        53       105        83       111         0
    67        30        27        51        88        85       109         0
    68        56        51        27       114       109        85         0
    69        44        46        50       102       104       108         0
    70        52        24        46       110        82       104         0
    71        51        54        26       109       112        84         0
    72        24        54        46        82       112       104         0
    73        50        45        55       108       103       113         0
    74        48        56        27       106       114        85         0
    75        46        56        47       104       114       105         0
    76        57        55        23       115       113        81         0
    77        57        44        50       115       102       108         0
    78        62       100       101       120       158       159         0
    79        85        96        91       143       154       149         0
    80        59        60       101       117       118       159         0
    81       107        87        90       165       145       148         0
    82        90       101       100       148       159       158         0
    83        79        94        78       137       152       136         0
    84        79        80        93       137       138       151         0
    85        92       100        64       150       158       122         0
    86        86        94        93       144       152       151         0
    87        92        64        65       150       122       123         0
    88        97        67        98       155       125       156         0
    89        97        66        67       155       124       125         0
    90        97        65        66       155       123       124         0
    91        98        70        96       156       128       154         0
    92        72        91        96       130       149       154         0
    93        73        74        99       131       132       157         0
    94        61       101        60       119       159       118         0
    95        70        71        96       128       129       154         0
    96        85        88        96       143       146       154         0
    97        72        73        91       130       131       149         0
    98        90        92        84       148       150       142         0
    99        96        88        98       154       146       156         0
   100        99        74        75       157       132       133         0
   101       106        86        83       164       144       141         0
   102        94        76        77       152       134       135         0
   103        92        65        97       150       123       155         0
   104        94        99        76       152       157       134         0
   105        58        59        95       116       117       153         0
   106        85        91        89       143       149       147         0
   107        78        94        77       136       152       135         0
   108       109        84        88       167       142       146         0
   109        79        93        94       137       151       152         0
   110        76        99        75       134       157       133         0
   111        97        84        92       155       142       150         0
   112        82       107       112       140       165       170         0
   113        89       106        85       147       164       143         0
   114       104       112       109       162       170       167         0
   115       101        87        95       159       145       153         0
   116        61        62       101       119       120       159         0
   117       105       106        83       163       164       141         0
   118        71        72        96       129       130       154         0
   119        94        89        99       152       147       157         0
   120        86        89        94       144       147       152         0
   121        69        98        68       127       156       126         0
   122       107        90        84       165       148       142         0
   123       100        62        63       158       120       121         0
   124        98        67        68       156       125       126         0
   125        84        97        88       142       155       146         0
   126        98        69        70       156       127       128         0
   127        97        98        88       155       156       146         0
   128        89        91        99       147       149       157         0
   129        73        99        91       131       157       149         0
   130        64       100        63       122       158       121         0
   131        92        90       100       150       148       158         0
   132        87       101        90       145       159       148         0
   133        59       101        95       117       159       153         0
   134       104       105       108       162       163       166         0
   135       104       102       110       162       160       168         0
   136       113       115       108       171       173       166         0
   137       106       105       114       164       163       172         0
   138       105       103       108       163       161       166         0
   139       114       104       109       172       162       167         0
   140        86       106        89       144       164       147         0
   141       103       105       111       161       163       169         0
   142       112       107        84       170       165       142         0
   143        87       107        82       145       165       140         0
   144       105        83       111       163       141       169         0
   145        88        85       109       146       143       167         0
   146       114       109        85       172       167       143         0
   147       102       104       108       160       162       166         0
   148       110        82       104       168       140       162         0
   149       109       112        84       167       170       142         0
   150        82       112       104       140       170       162         0
   151       108       103       113       166       161       171         0
   152       106       114        85       164       172       143         0
   153       104       114       105       162       172       163         0
   154       115       113        81       173       171       139         0
   155       115       102       108       173       160       166         0
   156       120       158       159       178       216       217         0
   157       143       154       149       201       212       207         0
   158       117       118       159       175       176       217         0
   159       165       145       148       223       203       206         0
   160       148       159       158       206       217       216         0
   161       137       152       136       195       210       194         0
   162       137       138       151       195       196       209         0
   163       150       158       122       208       216       180         0
   164       144       152       151       202       210       209         0
   165       150       122       123       208       180       181         0
   166       155       125       156       213       183       214         0
   167       155       124       125       213       182       183         0
   168       155       123       124       213       181       182         0
   169       156       128       154       214       186       212         0
   170       130       149       154       188       207       212         0
   171       131       132       157       189       190       215         0
   172       119       159       118       177       217       176         0
   173       128       129       154       186       187       212         0
   174       143       146       154       201       204       212         0
   175       130       131       149       188       189       207         0
   176       148       150       142       206       208       200         0
   177       154       146       156       212       204       214         0
   178       157       132       133       215       190       191         0
   179       164       144       141       222       202       199         0
   180       152       134       135       210       192       193         0
   181       150       123       155       208       181       213         0
   182       152       157       134       210       215       192         0
   183       116       117       153       174       175       211         0
   184       143       149       147       201       207       205         0
   185       136       152       135       194       210       193         0
   186       167       142       146       225       200       204         0
   187       137       151       152       195       209       210         0
   188       134       157       133       192       215       191         0
   189       155       142       150       213       200       208         0
   190       140       165       170       198       223       228         0
   191       147       164       143       205       222       201         0
   192       162       170       167       220       228       225         0
   193       159       145       153       217       203       211         0
   194       119       120       159       177       178       217         0
   195       163       164       141       221       222       199         0
   196       129       130       154       187       188       212         0
   197       152       147       157       210       205       215         0
   198       144       147       152       202       205       210         0
   199       127       156       126       185       214       184         0
   200       165       148       142       223       206       200         0
   201       158       120       121       216       178       179         0
   202       156       125       126       214       183       184         0
   203       142       155       146       200       213       204         0
   204       156       127       128       214       185       186         0
   205       155       156       146       213       214       204         0
   206       147       149       157       205       207       215         0
   207       131       157       149       189       215       207         0
   208       122       158       121       180       216       179         0
   209       150       148       158       208       206       216         0
   210       145       159       148       203       217       206         0
   211       117       159       153       175       217       211         0
   212       162       163       166       220       221       224         0
   213       162       160       168       220       218       226         0
   214       171       173       166       229       231       224         0
   215       164       163       172       222       221       230         0
   216       163       161       166       221       219       224         0
   217       172       162       167       230       220       225         0
   218       144       164       147       202       222       205         0
   219       161       163       169       219       221       227         0
   220       170       165       142       228       223       200         0
   221       145       165       140       203       223       198         0
   222       163       141       169       221       199       227         0
   223       146       143       167       204       201       225         0
   224       172       167       143       230       225       201         0
   225       160       162       166       218       220       224         0
   226       168       140       162       226       198       220         0
   227       167       170       142       225       228       200         0
   228       140       170       162       198       228       220         0
   229       166       161       171       224       219       229         0
   230       164       172       143       222       230       201         0
   231       162       172       163       220       230       221         0
   232       173       171       139       231       229       197         0
   233       173       160       166       231       218       224         0
   234       178       216       217       236       274       275         0
   235       201       212       207       259       270       265         0
   236       175       176       217       233       234       275         0
   237       223       203       206       281       261       264         0
   238       206       217       216       264       275       274         0
   239       195       210       194       253       268       252         0
   240       195       196       209       253       254       267         0
   241       208       216       180       266       274       238         0
   242       202       210       209       260       268       267         0
   243       208       180       181       266       238       239         0
   244       213       183       214       271       241       272         0
   245       213       182       183       271       240       241         0
   246       213       181       182       271       239       240         0
   247       214       186       212       272       244       270         0
   248       188       207       212       246       265       270         0
   249       189       190       215       247       248       273         0
   250       177       217       176       235       275       234         0
   251       186       187       212       244       245       270         0
   252       201       204       212       259       262       270         0
   253       188       189       207       246       247       265         0
   254       206       208       200       264       266       258         0
   255       212       204       214       270       262       272         0
   256       215       190       191       273       248       249         0
   257       222       202       199       280       260       257         0
   258       210       192       193       268       250       251         0
   259       208       181       213       266       239       271         0
   260       210       215       192       268       273       250         0
   261       174       175       211       232       233       269         0
   262       201       207       205       259       265       263         0
   263       194       210       193       252       268       251         0
   264       225       200       204       283       258       262         0
   265       195       209       210       253       267       268         0
   266       192       215       191       250       273       249         0
   267       213       200       208       271       258       266         0
   268       198       223       228       256       281       286         0
   269       205       222       201       263       280       259         0
   270       220       228       225       278       286       283         0
   271       217       203       211       275       261       269         0
   272       177       178       217       235       236       275         0
   273       221       222       199       279       280       257         0
   274       187       188       212       245       246       270         0
   275       210       205       215       268       263       273         0
   276       202       205       210       260       263       268         0
   277       185       214       184       243       272       242         0
   278       223       206       200       281       264       258         0
   279       216       178       179       274       236       237         0
   280       214       183       184       272       241       242         0
   281       200       213       204       258       271       262         0
   282       214       185       186       272       243       244         0
   283       213       214       204       271       272       262         0
   284       205       207       215       263       265       273         0
   285       189       215       207       247       273       265         0
   286       180       216       179       238       274       237         0
   287       208       206       216       266       264       274         0
   288       203       217       206       261       275       264         0
   289       175       217       211       233       275       269         0
   290       220       221       224       278       279       282         0
   291       220       218       226       278       276       284         0
   292       229       231       224       287       289       282         0
   293       222       221       230       280       279       288         0
   294       221       219       224       279       277       282         0
   295       230       220       225       288       278       283         0
   296       202       222       205       260       280       263         0
   297       219       221       227       277       279       285         0
   298       228       223       200       286       281       258         0
   299       203       223       198       261       281       256         0
   300       221       199       227       279       257       285         0
   301       204       201       225       262       259       283         0
   302       230       225       201       288       283       259         0
   303       218       220       224       276       278       282         0
   304       226       198       220       284       256       278         0
   305       225       228       200       283       286       258         0
   306       198       228       220       256       286       278         0
   307       224       219       229       282       277       287         0
   308       222       230       201       280       288       259         0
   309       220       230       221       278       288       279         0
   310       231       229       197       289       287       255         0
   311       231       218       224       289       276       282         0
   312       236       274       275       294       332       333         0
   313       259       270       265       317       328       323         0
   314       233       234       275       291       292       333         0
   315       281       261       264       339       319       322         0
   316       264       275       274       322       333       332         0
   317       253       268       252       311       326       310         0
   318       253       254       267       311       312       325         0
   319       266       274       238       324       332       296         0
   320       260       268       267       318       326       325         0
   321       266       238       239       324       296       297         0
   322       271       241       272       329       299       330         0
   323       271       240       241       329       298       299         0
   324       271       239       240       329       297       298         0
   325       272       244       270       330       302       328         0
   326       246       265       270       304       323       328         0
   327       247       248       273       305       306       331         0
   328       235       275       234       293       333       292         0
   329       244       245       270       302       303       328         0
   330       259       262       270       317       320       328         0
   331       246       247       265       304       305       323         0
   332       264       266       258       322       324       316         0
   333       270       262       272       328       320       330         0
   334       273       248       249       331       306       307         0
   335       280       260       257       338       318       315         0
   336       268       250       251       326       308       309         0
   337       266       239       271       324       297       329         0
   338       268       273       250       326       331       308         0
   339       232       233       269       290       291       327         0
   340       259       265       263       317       323       321         0
   341       252       268       251       310       326       309         0
   342       283       258       262       341       316       320         0
   343       253       267       268       311       325       326         0
   344       250       273       249       308       331       307         0
   345       271       258       266       329       316       324         0
   346       256       281       286       314       339       344         0
   347       263       280       259       321       338       317         0
   348       278       286       283       336       344       341         0
   349       275       261       269       333       319       327         0
   350       235       236       275       293       294       333         0
   351       279       280       257       337       338       315         0
   352       245       246       270       303       304       328         0
   353       268       263       273       326       321       331         0
   354       260       263       268       318       321       326         0
   355       243       272       242       301       330       300         0
   356       281       264       258       339       322       316         0
   357       274       236       237       332       294       295         0
   358       272       241       242       330       299       300         0
   359       258       271       262       316       329       320         0
   360       272       243       244       330       301       302         0
   361       271       272       262       329       330       320         0
   362       263       265       273       321       323       331         0
   363       247       273       265       305       331       323         0
   364       238       274       237       296       332       295         0
   365       266       264       274       324       322       332         0
   366       261       275       264       319       333       322         0
   367       233       275       269       291       333       327         0
   368       278       279       282       336       337       340         0
   369       278       276       284       336       334       342         0
   370       287       289       282       345       347       340         0
   371       280       279       288       338       337       346         0
   372       279       277       282       337       335       340         0
   373       288       278       283       346       336       341         0
   374       260       280       263       318       338       321         0
   375       277       279       285       335       337       343         0
   376       286       281       258       344       339       316         0
   377       261       281       256       319       339       314         0
   378       279       257       285       337       315       343         0
   379       262       259       283       320       317       341         0
   380       288       283       259       346       341       317         0
   381       276       278       282       334       336       340         0
   382       284       256       278       342       314       336         0
   383       283       286       258       341       344       316         0
   384       256       286       278       314       344       336         0
   385       282       277       287       340       335       345         0
   386       280       288       259       338       346       317         0
   387       278       288       279       336       346       337         0
   388       289       287       255       347       345       313         0
   389       289       276       282       347       334       340         0
node no., coordinates
    0    6.123032e-17   -1.000000e+00    0.000000e+00
    1    7.133918e-02   -9.974521e-01    0.000000e+00
    2    1.423148e-01   -9.898214e-01    0.000000e+00
    3    2.125653e-01   -9.771469e-01    0.000000e+00
    4    2.817326e-01   -9.594930e-01    0.000000e+00
    5    3.494642e-01   -9.369497e-01    0.000000e+00
    6    4.154150e-01   -9.096320e-01    0.000000e+00
    7    4.792490e-01   -8.776790e-01    0.000000e+00
    8    5.406408e-01   -8.412535e-01    0.000000e+00
    9    5.992777e-01   -8.005412e-01    0.000000e+00
   10    6.548607e-01   -7.557496e-01    0.000000e+00
   11    7.071068e-01   -7.071068e-01    0.000000e+00
   12    7.557496e-01   -6.548607e-01    0.000000e+00
   13    8.005412e-01   -5.992777e-01    0.000000e+00
   14    8.412535e-01   -5.406408e-01    0.000000e+00
   15    8.776790e-01   -4.792490e-01    0.000000e+00
   16    9.096320e-01   -4.154150e-01    0.000000e+00
   17    9.369497e-01   -3.494642e-01    0.000000e+00
   18    9.594930e-01   -2.817326e-01    0.000000e+00
   19    9.771469e-01   -2.125653e-01    0.000000e+00
   20    9.898214e-01   -1.423148e-01    0.000000e+00
   21    9.974521e-01   -7.133918e-02    0.000000e+00
   22    1.000000e+00   -4.718448e-16    0.000000e+00
   23    0.000000e+00    0.000000e+00    0.000000e+00
   24    3.061516e-17   -5.000000e-01    0.000000e+00
   25    5.000000e-01   -2.359224e-16    0.000000e+00
   26    3.039501e-01   -6.072147e-01    0.000000e+00
   27    5.664393e-01   -3.360837e-01    0.000000e+00
   28    7.500000e-01   -3.538836e-16    0.000000e+00
   29    4.592274e-17   -7.500000e-01    0.000000e+00
   30    5.278738e-01   -5.669764e-01    0.000000e+00
   31    7.549984e-01   -2.512875e-01    0.000000e+00
   32    1.984192e-01   -7.773989e-01    0.000000e+00
   33    7.145606e-01   -4.239682e-01    0.000000e+00
   34    3.765311e-01   -7.522133e-01    0.000000e+00
   35    8.750000e-01   -4.128642e-16    0.000000e+00
   36    8.524546e-01   -1.537999e-01    0.000000e+00
   37    5.357653e-17   -8.750000e-01    0.000000e+00
   38    6.812954e-01   -5.490225e-01    0.000000e+00
   39    5.000812e-01   -7.202537e-01    0.000000e+00
   40    6.063605e-01   -6.512771e-01    0.000000e+00
   41    8.239067e-01   -3.412734e-01    0.000000e+00
   42    2.825748e-01   -8.490015e-01    0.000000e+00
   43    1.588732e-01   -8.805744e-01    0.000000e+00
   44    1.530758e-17   -2.500000e-01    0.000000e+00
   45    2.500000e-01   -1.179612e-16    0.000000e+00
   46    2.149766e-01   -3.750000e-01    0.000000e+00
   47    3.750000e-01   -1.993198e-01    0.000000e+00
   48    5.984197e-01   -1.551527e-01    0.000000e+00
   49    1.296369e-01   -6.169353e-01    0.000000e+00
   50    1.816932e-01   -1.816932e-01    0.000000e+00
   51    3.896965e-01   -4.412083e-01    0.000000e+00
   52    2.296137e-17   -3.750000e-01    0.000000e+00
   53    3.750000e-01   -1.769418e-16    0.000000e+00
   54    2.110815e-01   -5.096450e-01    0.000000e+00
   55    1.250000e-01   -5.898060e-17    0.000000e+00
   56    4.354752e-01   -3.170362e-01    0.000000e+00
   57    7.653790e-18   -1.250000e-01    0.000000e+00
   58    6.123032e-17   -1.000000e+00    2.500000e-01
   59    7.133918e-02   -9.974521e-01    2.500000e-01
   60    1.423148e-01   -9.898214e-01    2.500000e-01
   61    2.125653e-01   -9.771469e-01    2.500000e-01
   62    2.817326e-01   -9.594930e-01    2.500000e-01
   63    3.494642e-01   -9.369497e-01    2.500000e-01
   64    4.154150e-01   -9.096320e-01    2.500000e-01
   65    4.792490e-01   -8.776790e-01    2.500000e-01
   66    5.406408e-01   -8.412535e-01    2.500000e-01
   67    5.992777e-01   -8.005412e-01    2.500000e-01
   68    6.548607e-01   -7.557496e-01    2.500000e-01
   69    7.071068e-01   -7.071068e-01    2.500000e-01
   70    7.557496e-01   -6.548607e-01    2.500000e-01
   71    8.005412e-01   -5.992777e-01    2.500000e-01
   72    8.412535e-01   -5.406408e-01    2.500000e-01
   73    8.776790e-01   -4.792490e-01    2.500000e-01
   74    9.096320e-01   -4.154150e-01    2.500000e-01
   75    9.369497e-01   -3.494642e-01    2.500000e-01
   76    9.594930e-01   -2.817326e-01    2.500000e-01
   77    9.771469e-01   -2.125653e-01    2.500000e-01
   78    9.898214e-01   -1.423148e-01    2.500000e-01
   79    9.974521e-01   -7.133918e-02    2.500000e-01
   80    1.000000e+00   -4.718448e-16    2.500000e-01
   81    0.000000e+00    0.000000e+00    2.500000e-01
   82    3.061516e-17   -5.000000e-01    2.500000e-01
   83    5.000000e-01   -2.359224e-16    2.500000e-01
   84    3.039501e-01   -6.072147e-01    2.500000e-01
   85    5.664393e-01   -3.360837e-01    2.500000e-01
   86    7.500000e-01   -3.538836e-16    2.500000e-01
   87    4.592274e-17   -7.500000e-01    2.500000e-01
   88    5.278738e-01   -5.669764e-01    2.500000e-01
   89    7.549984e-01   -2.512875e-01    2.500000e-01
   90    1.984192e-01   -7.773989e-01    2.500000e-01
   91    7.145606e-01   -4.239682e-01    2.500000e-01
   92    3.765311e-01   -7.522133e-01    2.500000e-01
   93    8.750000e-01   -4.128642e-16    2.500000e-01
   94    8.524546e-01   -1.537999e-01    2.500000e-01
   95    5.357653e-17   -8.750000e-01    2.500000e-01
   96    6.812954e-01   -5.490225e-01    2.500000e-01
   97    5.000812e-01   -7.202537e-01    2.500000e-01
   98    6.063605e-01   -6.512771e-01    2.500000e-01
   99    8.239067e-01   -3.412734e-01    2.500000e-01
  100    2.825748e-01   -8.490015e-01    2.500000e-01
  101    1.588732e-01   -8.805744e-01    2.500000e-01
  102    1.530758e-17   -2.500000e-01    2.500000e-01
  103    2.500000e-01   -1.179612e-16    2.500000e-01
  104    2.149766e-01   -3.750000e-01    2.500000e-01
  105    3.750000e-01   -1.993198e-01    2.500000e-01
  106    5.984197e-01   -1.551527e-01    2.500000e-01
  107    1.296369e-01   -6.169353e-01    2.500000e-01
  108    1.816932e-01   -1.816932e-01    2.500000e-01
  109    3.896965e-01   -4.412083e-01    2.500000e-01
  110    2.296137e-17   -3.750000e-01    2.500000e-01
  111    3.750000e-01   -1.769418e-16    2.500000e-01
  112    2.110815e-01   -5.096450e-01    2.500000e-01
  113    1.250000e-01   -5.898060e-17    2.500000e-01
  114    4.354752e-01   -3.170362e-01    2.500000e-01
  115    7.653790e-18   -1.250000e-01    2.500000e-01
  116    6.123032e-17   -1.000000e+00    5.000000e-01
  117    7.133918e-02   -9.974521e-01    5.000000e-01
  118    1.423148e-01   -9.898214e-01    5.000000e-01
  119    2.125653e-01   -9.771469e-01    5.000000e-01
  120    2.817326e-01   -9.594930e-01    5.000000e-01
  121    3.494642e-01   -9.369497e-01    5.000000e-01
  122    4.154150e-01   -9.096320e-01    5.000000e-01
  123    4.792490e-01   -8.776790e-01    5.000000e-01
  124    5.406408e-01   -8.412535e-01    5.000000e-01
  125    5.992777e-01   -8.005412e-01    5.000000e-01
  126    6.548607e-01   -7.557496e-01    5.000000e-01
  127    7.071068e-01   -7.071068e-01    5.000000e-01
  128    7.557496e-01   -6.548607e-01    5.000000e-01
  129    8.005412e-01   -5.992777e-01    5.000000e-01
  130    8.412535e-01   -5.406408e-01    5.000000e-01
  131    8.776790e-01   -4.792490e-01    5.000000e-01
  132    9.096320e-01   -4.154150e-01    5.000000e-01
  133    9.369497e-01   -3.494642e-01    5.000000e-01
  134    9.594930e-01   -2.817326e-01    5.000000e-01
  135    9.771469e-01   -2.125653e-01    5.000000e-01
  136    9.898214e-01   -1.423148e-01    5.000000e-01
  137    9.974521e-01   -7.133918e-02    5.000000e-01
  138    1.000000e+00   -4.718448e-16    5.000000e-01
  139    0.000000e+00    0.000000e+00    5.000000e-01
  140    3.061516e-17   -5.000000e-01    5.000000e-01
  141    5.000000e-01   -2.359224e-16    5.000000e-01
  142    3.039501e-01   -6.072147e-01    5.000000e-01
  143    5.664393e-01   -3.360837e-01    5.000000e-01
  144    7.500000e-01   -3.538836e-16    5.000000e-01
  145    4.592274e-17   -7.500000e-01    5.000000e-01
  146    5.278738e-01   -5.669764e-01    5.000000e-01
  147    7.549984e-01   -2.512875e-01    5.000000e-01
  148    1.984192e-01   -7.773989e-01    5.000000e-01
  149    7.145606e-01   -4.239682e-01    5.000000e-01
  150    3.765311e-01   -7.522133e-01    5.000000e-01
  151    8.750000e-01   -4.128642e-16    5.000000e-01
  152    8.524546e-01   -1.537999e-01    5.000000e-01
  153    5.357653e-17   -8.750000e-01    5.000000e-01
  154    6.812954e-01   -5.490225e-01    5.000000e-01
  155    5.000812e-01   -7.202537e-01    5.000000e-01
  156    6.063605e-01   -6.512771e-01    5.000000e-01
  157    8.239067e-01   -3.412734e-01    5.000000e-01
  158    2.825748e-01   -8.490015e-01    5.000000e-01
  159    1.588732e-01   -8.805744e-01    5.000000e-01
  160    1.530758e-17   -2.500000e-01    5.000000e-01
  161    2.500000e-01   -1.179612e-16    5.000000e-01
  162    2.149766e-01   -3.750000e-01    5.000000e-01
  163    3.750000e-01   -1.993198e-01    5.000000e-01
  164    5.984197e-01   -1.551527e-01    5.000000e-01
  165    1.296369e-01   -6.169353e-01    5.000000e-01
  166    1.816932e-01   -1.816932e-01    5.000000e-01
  167    3.896965e-01   -4.412083e-01    5.000000e-01
  168    2.296137e-17   -3.750000e-01    5.000000e-01
  169    3.750000e-01   -1.769418e-16    5.000000e-01
  170    2.110815e-01   -5.096450e-01    5.000000e-01
  171    1.250000e-01   -5.898060e-17    5.000000e-01
  172    4.354752e-01   -3.170362e-01    5.000000e-01
  173    7.653790e-18   -1.250000e-01    5.000000e-01
  174    6.123032e-17   -1.000000e+00    7.500000e-01
  175    7.133918e-02   -9.974521e-01    7.500000e-01
  176    1.423148e-01   -9.898214e-01    7.500000e-01
  177    2.125653e-01   -9.771469e-01    7.500000e-01
  178    2.817326e-01   -9.594930e-01    7.500000e-01
  179    3.494642e-01   -9.369497e-01    7.500000e-01
  180    4.154150e-01   -9.096320e-01    7.500000e-01
  181    4.792490e-01   -8.776790e-01    7.500000e-01
  182    5.406408e-01   -8.412535e-01    7.500000e-01
  183    5.992777e-01   -8.005412e-01    7.500000e-01
  184    6.548607e-01   -7.557496e-01    7.500000e-01
  185    7.071068e-01   -7.071068e-01    7.500000e-01
  186    7.557496e-01   -6.548607e-01    7.500000e-01
  187    8.005412e-01   -5.992777e-01    7.500000e-01
  188    8.412535e-01   -5.406408e-01    7.500000e-01
  189    8.776790e-01   -4.792490e-01    7.500000e-01
  190    9.096320e-01   -4.154150e-01    7.500000e-01
  191    9.369497e-01   -3.494642e-01    7.500000e-01
  192    9.594930e-01   -2.817326e-01    7.500000e-01
  193    9.771469e-01   -2.125653e-01    7.500000e-01
  194    9.898214e-01   -1.423148e-01    7.500000e-01
  195    9.974521e-01   -7.133918e-02    7.500000e-01
  196    1.000000e+00   -4.718448e-16    7.500000e-01
  197    0.000000e+00    0.000000e+00    7.500000e-01
  198    3.061516e-17   -5.000000e-01    7.500000e-01
  199    5.000000e-01   -2.359224e-16    7.500000e-01
  200    3.039501e-01   -6.072147e-01    7.500000e-01
  201    5.664393e-01   -3.360837e-01    7.500000e-01
  202    7.500000e-01   -3.538836e-16    7.500000e-01
  203    4.592274e-17   -7.500000e-01    7.500000e-01
  204    5.278738e-01   -5.669764e-01    7.500000e-01
  205    7.549984e-01   -2.512875e-01    7.500000e-01
  206    1.984192e-01   -7.773989e-01    7.500000e-01
  207    7.145606e-01   -4.239682e-01    7.500000e-01
  208    3.765311e-01   -7.522133e-01    7.500000e-01
  209    8.750000e-01   -4.128642e-16    7.500000e-01
  210    8.524546e-01   -1.537999e-01    7.500000e-01
  211    5.357653e-17   -8.750000e-01    7.500000e-01
  212    6.812954e-01   -5.490225e-01    7.500000e-01
  213    5.000812e-01   -7.202537e-01    7.500000e-01
  214    6.063605e-01   -6.512771e-01    7.500000e-01
  215    8.239067e-01   -3.412734e-01    7.500000e-01
  216    2.825748e-01   -8.490015e-01    7.500000e-01
  217    1.588732e-01   -8.805744e-01    7.500000e-01
  218    1.530758e-17   -2.500000e-01    7.500000e-01
  219    2.500000e-01   -1.179612e-16    7.500000e-01
  220    2.149766e-01   -3.750000e-01    7.500000e-01
  221    3.750000e-01   -1.993198e-01    7.500000e-01
  222    5.984197e-01   -1.551527e-01    7.500000e-01
  223    1.296369e-01   -6.169353e-01    7.500000e-01
  224    1.816932e-01   -1.816932e-01    7.500000e-01
  225    3.896965e-01   -4.412083e-01    7.500000e-01
  226    2.296137e-17   -3.750000e-01    7.500000e-01
  227    3.750000e-01   -1.769418e-16    7.500000e-01
  228    2.110815e-01   -5.096450e-01    7.500000e-01
  229    1.250000e-01   -5.898060e-17    7.500000e-01
  230    4.354752e-01   -3.170362e-01    7.500000e-01
  231    7.653790e-18   -1.250000e-01    7.500000e-01
  232    6.123032e-17   -1.000000e+00    1.000000e+00
  233    7.133918e-02   -9.974521e-01    1.000000e+00
  234    1.423148e-01   -9.898214e-01    1.000000e+00
  235    2.125653e-01   -9.771469e-01    1.000000e+00
  236    2.817326e-01   -9.594930e-01    1.000000e+00
  237    3.494642e-01   -9.369497e-01    1.000000e+00
  238    4.154150e-01   -9.096320e-01    1.000000e+00
  239    4.792490e-01   -8.776790e-01    1.000000e+00
  240    5.406408e-01   -8.412535e-01    1.000000e+00
  241    5.992777e-01   -8.005412e-01    1.000000e+00
  242    6.548607e-01   -7.557496e-01    1.000000e+00
  243    7.071068e-01   -7.071068e-01    1.000000e+00
  244    7.557496e-01   -6.548607e-01    1.000000e+00
  245    8.005412e-01   -5.992777e-01    1.000000e+00
  246    8.412535e-01   -5.406408e-01    1.000000e+00
  247    8.776790e-01   -4.792490e-01    1.000000e+00
  248    9.096320e-01   -4.154150e-01    1.000000e+00
  249    9.369497e-01   -3.494642e-01    1.000000e+00
  250    9.594930e-01   -2.817326e-01    1.000000e+00
  251    9.771469e-01   -2.125653e-01    1.000000e+00
  252    9.898214e-01   -1.423148e-01    1.000000e+00
  253    9.974521e-01   -7.133918e-02    1.000000e+00
  254    1.000000e+00   -4.718448e-16    1.000000e+00
  255    0.000000e+00    0.000000e+00    1.000000e+00
  256    3.061516e-17   -5.000000e-01    1.000000e+00
  257    5.000000e-01   -2.359224e-16    1.000000e+00
  258    3.039501e-01   -6.072147e-01    1.000000e+00
  259    5.664393e-01   -3.360837e-01    1.000000e+00
  260    7.500000e-01   -3.538836e-16    1.000000e+00
  261    4.592274e-17   -7.500000e-01    1.000000e+00
  262    5.278738e-01   -5.669764e-01    1.000000e+00
  263    7.549984e-01   -2.512875e-01    1.000000e+00
  264    1.984192e-01   -7.773989e-01    1.000000e+00
  265    7.145606e-01   -4.239682e-01    1.000000e+00
  266    3.765311e-01   -7.522133e-01    1.000000e+00
  267    8.750000e-01   -4.128642e-16    1.000000e+00
  268    8.524546e-01   -1.537999e-01    1.000000e+00
  269    5.357653e-17   -8.750000e-01    1.000000e+00
  270    6.812954e-01   -5.490225e-01    1.000000e+00
  271    5.000812e-01   -7.202537e-01    1.000000e+00
  272    6.063605e-01   -6.512771e-01    1.000000e+00
  273    8.239067e-01   -3.412734e-01    1.000000e+00
  274    2.825748e-01   -8.490015e-01    1.000000e+00
  275    1.588732e-01   -8.805744e-01    1.000000e+00
  276    1.530758e-17   -2.500000e-01    1.000000e+00
  277    2.500000e-01   -1.179612e-16    1.000000e+00
  278    2.149766e-01   -3.750000e-01    1.000000e+00
  279    3.750000e-01   -1.993198e-01    1.000000e+00
  280    5.984197e-01   -1.551527e-01    1.000000e+00
  281    1.296369e-01   -6.169353e-01    1.000000e+00
  282    1.816932e-01   -1.816932e-01    1.000000e+00
  283    3.896965e-01   -4.412083e-01    1.000000e+00
  284    2.296137e-17   -3.750000e-01    1.000000e+00
  285    3.750000e-01   -1.769418e-16    1.000000e+00
  286    2.110815e-01   -5.096450e-01    1.000000e+00
  287    1.250000e-01   -5.898060e-17    1.000000e+00
  288    4.354752e-01   -3.170362e-01    1.000000e+00
  289    7.653790e-18   -1.250000e-01    1.000000e+00
  290    6.123032e-17   -1.000000e+00    1.250000e+00
  291    7.133918e-02   -9.974521e-01    1.250000e+00
  292    1.423148e-01   -9.898214e-01    1.250000e+00
  293    2.125653e-01   -9.771469e-01    1.250000e+00
  294    2.817326e-01   -9.594930e-01    1.250000e+00
  295    3.494642e-01   -9.369497e-01    1.250000e+00
  296    4.154150e-01   -9.096320e-01    1.250000e+00
  297    4.792490e-01   -8.776790e-01    1.250000e+00
  298    5.406408e-01   -8.412535e-01    1.250000e+00
  299    5.992777e-01   -8.005412e-01    1.250000e+00
  300    6.548607e-01   -7.557496e-01    1.250000e+00
  301    7.071068e-01   -7.071068e-01    1.250000e+00
  302    7.557496e-01   -6.548607e-01    1.250000e+00
  303    8.005412e-01   -5.992777e-01    1.250000e+00
  304    8.412535e-01   -5.406408e-01    1.250000e+00
  305    8.776790e-01   -4.792490e-01    1.250000e+00
  306    9.096320e-01   -4.154150e-01    1.250000e+00
  307    9.369497e-01   -3.494642e-01    1.250000e+00
  308    9.594930e-01   -2.817326e-01    1.250000e+00
  309    9.771469e-01   -2.125653e-01    1.250000e+00
  310    9.898214e-01   -1.423148e-01    1.250000e+00
  311    9.974521e-01   -7.133918e-02    1.250000e+00
  312    1.000000e+00   -4.718448e-16    1.250000e+00
  313    0.000000e+00    0.000000e+00    1.250000e+00
  314    3.061516e-17   -5.000000e-01    1.250000e+00
  315    5.000000e-01   -2.359224e-16    1.250000e+00
  316    3.039501e-01   -6.072147e-01    1.250000e+00
  317    5.664393e-01   -3.360837e-01    1.250000e+00
  318    7.500000e-01   -3.538836e-16    1.250000e+00
  319    4.592274e-17   -7.500000e-01    1.250000e+00
  320    5.278738e-01   -5.669764e-01    1.250000e+00
  321    7.549984e-01   -2.512875e-01    1.250000e+00
  322    1.984192e-01   -7.773989e-01    1.250000e+00
  323    7.145606e-01   -4.239682e-01    1.250000e+00
  324    3.765311e-01   -7.522133e-01    1.250000e+00
  325    8.750000e-01   -4.128642e-16    1.250000e+00
  326    8.524546e-01   -1.537999e-01    1.250000e+00
  327    5.357653e-17   -8.750000e-01    1.250000e+00
  328    6.812954e-01   -5.490225e-01    1.250000e+00
  329    5.000812e-01   -7.202537e-01    1.250000e+00
  330    6.063605e-01   -6.512771e-01    1.250000e+00
  331    8.239067e-01   -3.412734e-01    1.250000e+00
  332    2.825748e-01   -8.490015e-01    1.250000e+00
  333    1.588732e-01   -8.805744e-01    1.250000e+00
  334    1.530758e-17   -2.500000e-01    1.250000e+00
  335    2.500000e-01   -1.179612e-16    1.250000e+00
  336    2.149766e-01   -3.750000e-01    1.250000e+00
  337    3.750000e-01   -1.993198e-01    1.250000e+00
  338    5.984197e-01   -1.551527e-01    1.250000e+00
  339    1.296369e-01   -6.169353e-01    1.250000e+00
  340    1.816932e-01   -1.816932e-01    1.250000e+00
  341    3.896965e-01   -4.412083e-01    1.250000e+00
  342    2.296137e-17   -3.750000e-01    1.250000e+00
  343    3.750000e-01   -1.769418e-16    1.250000e+00
  344    2.110815e-01   -5.096450e-01    1.250000e+00
  345    1.250000e-01   -5.898060e-17    1.250000e+00
  346    4.354752e-01   -3.170362e-01    1.250000e+00
  347    7.653790e-18   -1.250000e-01    1.250000e+00
prescribed displacement x: node  disp value
  0   0.00000000e+00
 23   0.00000000e+00
 24   0.00000000e+00
 29   0.00000000e+00
 37   0.00000000e+00
 44   0.00000000e+00
 52   0.00000000e+00
 57   0.00000000e+00
 58   0.00000000e+00
 81   0.00000000e+00
 82   0.00000000e+00
 87   0.00000000e+00
 95   0.00000000e+00
102   0.00000000e+00
110   0.00000000e+00
115   0.00000000e+00
116   0.00000000e+00
139   0.00000000e+00
140   0.00000000e+00
145   0.00000000e+00
153   0.00000000e+00
160   0.00000000e+00
168   0.00000000e+00
173   0.00000000e+00
174   0.00000000e+00
197   0.00000000e+00
198   0.00000000e+00
203   0.00000000e+00
211   0.00000000e+00
218   0.00000000e+00
226   0.00000000e+00
231   0.00000000e+00
232   0.00000000e+00
255   0.00000000e+00
256   0.00000000e+00
261   0.00000000e+00
269   0.00000000e+00
276   0.00000000e+00
284   0.00000000e+00
289   0.00000000e+00
290   0.00000000e+00
313   0.00000000e+00
314   0.00000000e+00
319   0.00000000e+00
327   0.00000000e+00
334   0.00000000e+00
342   0.00000000e+00
347   0.00000000e+00
 -10
 prescribed displacement y: node  disp value
 22   0.00000000e+00
 23   0.00000000e+00
 25   0.00000000e+00
 28   0.00000000e+00
 35   0.00000000e+00
 45   0.00000000e+00
 53   0.00000000e+00
 55   0.00000000e+00
 80   0.00000000e+00
 81   0.00000000e+00
 83   0.00000000e+00
 86   0.00000000e+00
 93   0.00000000e+00
103   0.00000000e+00
111   0.00000000e+00
113   0.00000000e+00
138   0.00000000e+00
139   0.00000000e+00
141   0.00000000e+00
144   0.00000000e+00
151   0.00000000e+00
161   0.00000000e+00
169   0.00000000e+00
171   0.00000000e+00
196   0.00000000e+00
197   0.00000000e+00
199   0.00000000e+00
202   0.00000000e+00
209   0.00000000e+00
219   0.00000000e+00
227   0.00000000e+00
229   0.00000000e+00
254   0.00000000e+00
255   0.00000000e+00
257   0.00000000e+00
260   0.00000000e+00
267   0.00000000e+00
277   0.00000000e+00
285   0.00000000e+00
287   0.00000000e+00
312   0.00000000e+00
313   0.00000000e+00
315   0.00000000e+00
318   0.00000000e+00
325   0.00000000e+00
335   0.00000000e+00
343   0.00000000e+00
345   0.00000000e+00
 -10
 prescribed displacement z: node  disp value
    0    0.000000e+00
    1    0.000000e+00
    2    0.000000e+00
    3    0.000000e+00
    4    0.000000e+00
    5    0.000000e+00
    6    0.000000e+00
    7    0.000000e+00
    8    0.000000e+00
    9    0.000000e+00
   10    0.000000e+00
   11    0.000000e+00
   12    0.000000e+00
   13    0.000000e+00
   14    0.000000e+00
   15    0.000000e+00
   16    0.000000e+00
   17    0.000000e+00
   18    0.000000e+00
   19    0.000000e+00
   20    0.000000e+00
   21    0.000000e+00
   22    0.000000e+00
   23    0.000000e+00
   24    0.000000e+00
   25    0.000000e+00
   26    0.000000e+00
   27    0.000000e+00
   28    0.000000e+00
   29    0.000000e+00
   30    0.000000e+00
   31    0.000000e+00
   32    0.000000e+00
   33    0.000000e+00
   34    0.000000e+00
   35    0.000000e+00
   36    0.000000e+00
   37    0.000000e+00
   38    0.000000e+00
   39    0.000000e+00
   40    0.000000e+00
   41    0.000000e+00
   42    0.000000e+00
   43    0.000000e+00
   44    0.000000e+00
   45    0.000000e+00
   46    0.000000e+00
   47    0.000000e+00
   48    0.000000e+00
   49    0.000000e+00
   50    0.000000e+00
   51    0.000000e+00
   52    0.000000e+00
   53    0.000000e+00
   54    0.000000e+00
   55    0.000000e+00
   56    0.000000e+00
   57    0.000000e+00
 -10
 node with point load and load vector in x,y,z
    0    0.0000000000   -1.000000e+03    0.000000e+00
    1    7.133918e+01   -9.974521e+02    0.000000e+00
    2    1.423148e+02   -9.898214e+02    0.000000e+00
    3    2.125653e+02   -9.771469e+02    0.000000e+00
    4    2.817326e+02   -9.594930e+02    0.000000e+00
    5    3.494642e+02   -9.369497e+02    0.000000e+00
    6    4.154150e+02   -9.096320e+02    0.000000e+00
    7    4.792490e+02   -8.776790e+02    0.000000e+00
    8    5.406408e+02   -8.412535e+02    0.000000e+00
    9    5.992777e+02   -8.005412e+02    0.000000e+00
   10    6.548607e+02   -7.557496e+02    0.000000e+00
   11    7.071068e+02   -7.071068e+02    0.000000e+00
   12    7.557496e+02   -6.548607e+02    0.000000e+00
   13    8.005412e+02   -5.992777e+02    0.000000e+00
   14    8.412535e+02   -5.406408e+02    0.000000e+00
   15    8.776790e+02   -4.792490e+02    0.000000e+00
   16    9.096320e+02   -4.154150e+02    0.000000e+00
   17    9.369497e+02   -3.494642e+02    0.000000e+00
   18    9.594930e+02   -2.817326e+02    0.000000e+00
   19    9.771469e+02   -2.125653e+02    0.000000e+00
   20    9.898214e+02   -1.423148e+02    0.000000e+00
   21    9.974521e+02   -7.133918e+01    0.000000e+00
   22    1.000000e+03    0.0000000000    0.000000e+00
   58    0.0000000000   -1.000000e+03    0.000000e+00
   59    7.133918e+01   -9.974521e+02    0.000000e+00
   60    1.423148e+02   -9.898214e+02    0.000000e+00
   61    2.125653e+02   -9.771469e+02    0.000000e+00
   62    2.817326e+02   -9.594930e+02    0.000000e+00
   63    3.494642e+02   -9.369497e+02    0.000000e+00
   64    4.154150e+02   -9.096320e+02    0.000000e+00
   65    4.792490e+02   -8.776790e+02    0.000000e+00
   66    5.406408e+02   -8.412535e+02    0.000000e+00
   67    5.992777e+02   -8.005412e+02    0.000000e+00
   68    6.548607e+02   -7.557496e+02    0.000000e+00
   69    7.071068e+02   -7.071068e+02    0.000000e+00
   70    7.557496e+02   -6.548607e+02    0.000000e+00
   71    8.005412e+02   -5.992777e+02    0.000000e+00
   72    8.412535e+02   -5.406408e+02    0.000000e+00
   73    8.776790e+02   -4.792490e+02    0.000000e+00
   74    9.096320e+02   -4.154150e+02    0.000000e+00
   75    9.369497e+02   -3.494642e+02    0.000000e+00
   76    9.594930e+02   -2.817326e+02    0.000000e+00
   77    9.771469e+02   -2.125653e+02    0.000000e+00
   78    9.898214e+02   -1.423148e+02    0.000000e+00
   79    9.974521e+02   -7.133918e+01    0.000000e+00
   80    1.000000e+03    0.0000000000    0.000000e+00
  116    0.0000000000   -1.000000e+03    0.000000e+00
  117    7.133918e+01   -9.974521e+02    0.000000e+00
  118    1.423148e+02   -9.898214e+02    0.000000e+00
  119    2.125653e+02   -9.771469e+02    0.000000e+00
  120    2.817326e+02   -9.594930e+02    0.000000e+00
  121    3.494642e+02   -9.369497e+02    0.000000e+00
  122    4.154150e+02   -9.096320e+02    0.000000e+00
  123    4.792490e+02   -8.776790e+02    0.000000e+00
  124    5.406408e+02   -8.412535e+02    0.000000e+00
  125    5.992777e+02   -8.005412e+02    0.000000e+00
  126    6.548607e+02   -7.557496e+02    0.000000e+00
  127    7.071068e+02   -7.071068e+02    0.000000e+00
  128    7.557496e+02   -6.548607e+02    0.000000e+00
  129    8.005412e+02   -5.992777e+02    0.000000e+00
  130    8.412535e+02   -5.406408e+02    0.000000e+00
  131    8.776790e+02   -4.792490e+02    0.000000e+00
  132    9.096320e+02   -4.154150e+02    0.000000e+00
  133    9.369497e+02   -3.494642e+02    0.000000e+00
  134    9.594930e+02   -2.817326e+02    0.000000e+00
  135    9.771469e+02   -2.125653e+02    0.000000e+00
  136    9.898214e+02   -1.423148e+02    0.000000e+00
  137    9.974521e+02   -7.133918e+01    0.000000e+00
  138    1.000000e+03    0.0000000000    0.000000e+00
  174    0.0000000000   -1.000000e+03    0.000000e+00
  175    7.133918e+01   -9.974521e+02    0.000000e+00
  176    1.423148e+02   -9.898214e+02    0.000000e+00
  177    2.125653e+02   -9.771469e+02    0.000000e+00
  178    2.817326e+02   -9.594930e+02    0.000000e+00
  179    3.494642e+02   -9.369497e+02    0.000000e+00
  180    4.154150e+02   -9.096320e+02    0.000000e+00
  181    4.792490e+02   -8.776790e+02    0.000000e+00
  182    5.406408e+02   -8.412535e+02    0.000000e+00
  183    5.992777e+02   -8.005412e+02    0.000000e+00
  184    6.548607e+02   -7.557496e+02    0.000000e+00
  185    7.071068e+02   -7.071068e+02    0.000000e+00
  186    7.557496e+02   -6.548607e+02    0.000000e+00
  187    8.005412e+02   -5.992777e+02    0.000000e+00
  188    8.412535e+02   -5.406408e+02    0.000000e+00
  189    8.776790e+02   -4.792490e+02    0.000000e+00
  190    9.096320e+02   -4.154150e+02    0.000000e+00
  191    9.369497e+02   -3.494642e+02    0.000000e+00
  192    9.594930e+02   -2.817326e+02    0.000000e+00
  193    9.771469e+02   -2.125653e+02    0.000000e+00
  194    9.898214e+02   -1.423148e+02    0.000000e+00
  195    9.974521e+02   -7.133918e+01    0.000000e+00
  196    1.000000e+03    0.0000000000    0.000000e+00
  232    0.0000000000   -1.000000e+03    0.000000e+00
  233    7.133918e+01   -9.974521e+02    0.000000e+00
  234    1.423148e+02   -9.898214e+02    0.000000e+00
  235    2.125653e+02   -9.771469e+02    0.000000e+00
  236    2.817326e+02   -9.594930e+02    0.000000e+00
  237    3.494642e+02   -9.369497e+02    0.000000e+00
  238    4.154150e+02   -9.096320e+02    0.000000e+00
  239    4.792490e+02   -8.776790e+02    0.000000e+00
  240    5.406408e+02   -8.412535e+02    0.000000e+00
  241    5.992777e+02   -8.005412e+02    0.000000e+00
  242    6.548607e+02   -7.557496e+02    0.000000e+00
  243    7.071068e+02   -7.071068e+02    0.000000e+00
  244    7.557496e+02   -6.548607e+02    0.000000e+00
  245    8.005412e+02   -5.992777e+02    0.000000e+00
  246    8.412535e+02   -5.406408e+02    0.000000e+00
  247    8.776790e+02   -4.792490e+02    0.000000e+00
  248    9.096320e+02   -4.154150e+02    0.000000e+00
  249    9.369497e+02   -3.494642e+02    0.000000e+00
  250    9.594930e+02   -2.817326e+02    0.000000e+00
  251    9.771469e+02   -2.125653e+02    0.000000e+00
  252    9.898214e+02   -1.423148e+02    0.000000e+00
  253    9.974521e+02   -7.133918e+01    0.000000e+00
  254    1.000000e+03    0.0000000000    0.000000e+00
  290    0.0000000000   -1.000000e+03    0.000000e+00
  291    7.133918e+01   -9.974521e+02    0.000000e+00
  292    1.423148e+02   -9.898214e+02    0.000000e+00
  293    2.125653e+02   -9.771469e+02    0.000000e+00
  294    2.817326e+02   -9.594930e+02    0.000000e+00
  295    3.494642e+02   -9.369497e+02    0.000000e+00
  296    4.154150e+02   -9.096320e+02    0.000000e+00
  297    4.792490e+02   -8.776790e+02    0.000000e+00
  298    5.406408e+02   -8.412535e+02    0.000000e+00
  299    5.992777e+02   -8.005412e+02    0.000000e+00
  300    6.548607e+02   -7.557496e+02    0.000000e+00
  301    7.071068e+02   -7.071068e+02    0.000000e+00
  302    7.557496e+02   -6.548607e+02    0.000000e+00
  303    8.005412e+02   -5.992777e+02    0.000000e+00
  304    8.412535e+02   -5.406408e+02    0.000000e+00
  305    8.776790e+02   -4.792490e+02    0.000000e+00
  306    9.096320e+02   -4.154150e+02    0.000000e+00
  307    9.369497e+02   -3.494642e+02    0.000000e+00
  308    9.594930e+02   -2.817326e+02    0.000000e+00
  309    9.771469e+02   -2.125653e+02    0.000000e+00
  310    9.898214e+02   -1.423148e+02    0.000000e+00
  311    9.974521e+02   -7.133918e+01    0.000000e+00
  312    1.000000e+03    0.0000000000    0.000000e+00
 -10
 node no. with stress and stress vector xx,yy,xy,zx,yz
 -10 


This mesh was generated with the assistance of:

Triangle
A Two-Dimensional Quality Mesh Generator and Delaunay Triangulator.
Version 1.3

made by Jonathan Richard Shewchuk
School of Computer Science
Carnegie Mellon University
5000 Forbes Avenue
Pittsburgh, Pennsylvania  15213-3891
Please send bugs and comments to jrs@cs.cmu.edu
