   numel numnp nmat nmode  (This is for a bullet)
300 121 1 0
matl no., E modulus, Poisson Ratio, density
0   100000000.0000           0.2700        2770.0000
el no.,connectivity, matl no
   0         0         1         2        11         0
   1         1        12         2        11         0
   2         2        12        13        11         0
   3         0         2         3        11         0
   4         2        13         3        11         0
   5         3        13        14        11         0
   6         0         3         4        11         0
   7         3        14         4        11         0
   8         4        14        15        11         0
   9         0         4         5        11         0
  10         4        15         5        11         0
  11         5        15        16        11         0
  12         0         5         6        11         0
  13         5        16         6        11         0
  14         6        16        17        11         0
  15         0         6         7        11         0
  16         6        17         7        11         0
  17         7        17        18        11         0
  18         0         7         8        11         0
  19         7        18         8        11         0
  20         8        18        19        11         0
  21         0         8         9        11         0
  22         8        19         9        11         0
  23         9        19        20        11         0
  24         0         9        10        11         0
  25         9        20        10        11         0
  26        10        20        21        11         0
  27         0        10         1        11         0
  28        10        21         1        11         0
  29         1        21        12        11         0
  30        11        12        13        22         0
  31        12        23        13        22         0
  32        13        23        24        22         0
  33        11        13        14        22         0
  34        13        24        14        22         0
  35        14        24        25        22         0
  36        11        14        15        22         0
  37        14        25        15        22         0
  38        15        25        26        22         0
  39        11        15        16        22         0
  40        15        26        16        22         0
  41        16        26        27        22         0
  42        11        16        17        22         0
  43        16        27        17        22         0
  44        17        27        28        22         0
  45        11        17        18        22         0
  46        17        28        18        22         0
  47        18        28        29        22         0
  48        11        18        19        22         0
  49        18        29        19        22         0
  50        19        29        30        22         0
  51        11        19        20        22         0
  52        19        30        20        22         0
  53        20        30        31        22         0
  54        11        20        21        22         0
  55        20        31        21        22         0
  56        21        31        32        22         0
  57        11        21        12        22         0
  58        21        32        12        22         0
  59        12        32        23        22         0
  60        22        23        24        33         0
  61        23        34        24        33         0
  62        24        34        35        33         0
  63        22        24        25        33         0
  64        24        35        25        33         0
  65        25        35        36        33         0
  66        22        25        26        33         0
  67        25        36        26        33         0
  68        26        36        37        33         0
  69        22        26        27        33         0
  70        26        37        27        33         0
  71        27        37        38        33         0
  72        22        27        28        33         0
  73        27        38        28        33         0
  74        28        38        39        33         0
  75        22        28        29        33         0
  76        28        39        29        33         0
  77        29        39        40        33         0
  78        22        29        30        33         0
  79        29        40        30        33         0
  80        30        40        41        33         0
  81        22        30        31        33         0
  82        30        41        31        33         0
  83        31        41        42        33         0
  84        22        31        32        33         0
  85        31        42        32        33         0
  86        32        42        43        33         0
  87        22        32        23        33         0
  88        32        43        23        33         0
  89        23        43        34        33         0
  90        33        34        35        44         0
  91        34        45        35        44         0
  92        35        45        46        44         0
  93        33        35        36        44         0
  94        35        46        36        44         0
  95        36        46        47        44         0
  96        33        36        37        44         0
  97        36        47        37        44         0
  98        37        47        48        44         0
  99        33        37        38        44         0
 100        37        48        38        44         0
 101        38        48        49        44         0
 102        33        38        39        44         0
 103        38        49        39        44         0
 104        39        49        50        44         0
 105        33        39        40        44         0
 106        39        50        40        44         0
 107        40        50        51        44         0
 108        33        40        41        44         0
 109        40        51        41        44         0
 110        41        51        52        44         0
 111        33        41        42        44         0
 112        41        52        42        44         0
 113        42        52        53        44         0
 114        33        42        43        44         0
 115        42        53        43        44         0
 116        43        53        54        44         0
 117        33        43        34        44         0
 118        43        54        34        44         0
 119        34        54        45        44         0
 120        44        45        46        55         0
 121        45        56        46        55         0
 122        46        56        57        55         0
 123        44        46        47        55         0
 124        46        57        47        55         0
 125        47        57        58        55         0
 126        44        47        48        55         0
 127        47        58        48        55         0
 128        48        58        59        55         0
 129        44        48        49        55         0
 130        48        59        49        55         0
 131        49        59        60        55         0
 132        44        49        50        55         0
 133        49        60        50        55         0
 134        50        60        61        55         0
 135        44        50        51        55         0
 136        50        61        51        55         0
 137        51        61        62        55         0
 138        44        51        52        55         0
 139        51        62        52        55         0
 140        52        62        63        55         0
 141        44        52        53        55         0
 142        52        63        53        55         0
 143        53        63        64        55         0
 144        44        53        54        55         0
 145        53        64        54        55         0
 146        54        64        65        55         0
 147        44        54        45        55         0
 148        54        65        45        55         0
 149        45        65        56        55         0
 150        55        56        57        66         0
 151        56        67        57        66         0
 152        57        67        68        66         0
 153        55        57        58        66         0
 154        57        68        58        66         0
 155        58        68        69        66         0
 156        55        58        59        66         0
 157        58        69        59        66         0
 158        59        69        70        66         0
 159        55        59        60        66         0
 160        59        70        60        66         0
 161        60        70        71        66         0
 162        55        60        61        66         0
 163        60        71        61        66         0
 164        61        71        72        66         0
 165        55        61        62        66         0
 166        61        72        62        66         0
 167        62        72        73        66         0
 168        55        62        63        66         0
 169        62        73        63        66         0
 170        63        73        74        66         0
 171        55        63        64        66         0
 172        63        74        64        66         0
 173        64        74        75        66         0
 174        55        64        65        66         0
 175        64        75        65        66         0
 176        65        75        76        66         0
 177        55        65        56        66         0
 178        65        76        56        66         0
 179        56        76        67        66         0
 180        66        67        68        77         0
 181        67        78        68        77         0
 182        68        78        79        77         0
 183        66        68        69        77         0
 184        68        79        69        77         0
 185        69        79        80        77         0
 186        66        69        70        77         0
 187        69        80        70        77         0
 188        70        80        81        77         0
 189        66        70        71        77         0
 190        70        81        71        77         0
 191        71        81        82        77         0
 192        66        71        72        77         0
 193        71        82        72        77         0
 194        72        82        83        77         0
 195        66        72        73        77         0
 196        72        83        73        77         0
 197        73        83        84        77         0
 198        66        73        74        77         0
 199        73        84        74        77         0
 200        74        84        85        77         0
 201        66        74        75        77         0
 202        74        85        75        77         0
 203        75        85        86        77         0
 204        66        75        76        77         0
 205        75        86        76        77         0
 206        76        86        87        77         0
 207        66        76        67        77         0
 208        76        87        67        77         0
 209        67        87        78        77         0
 210        77        78        79        88         0
 211        78        89        79        88         0
 212        79        89        90        88         0
 213        77        79        80        88         0
 214        79        90        80        88         0
 215        80        90        91        88         0
 216        77        80        81        88         0
 217        80        91        81        88         0
 218        81        91        92        88         0
 219        77        81        82        88         0
 220        81        92        82        88         0
 221        82        92        93        88         0
 222        77        82        83        88         0
 223        82        93        83        88         0
 224        83        93        94        88         0
 225        77        83        84        88         0
 226        83        94        84        88         0
 227        84        94        95        88         0
 228        77        84        85        88         0
 229        84        95        85        88         0
 230        85        95        96        88         0
 231        77        85        86        88         0
 232        85        96        86        88         0
 233        86        96        97        88         0
 234        77        86        87        88         0
 235        86        97        87        88         0
 236        87        97        98        88         0
 237        77        87        78        88         0
 238        87        98        78        88         0
 239        78        98        89        88         0
 240        88        89        90        99         0
 241        89       100        90        99         0
 242        90       100       101        99         0
 243        88        90        91        99         0
 244        90       101        91        99         0
 245        91       101       102        99         0
 246        88        91        92        99         0
 247        91       102        92        99         0
 248        92       102       103        99         0
 249        88        92        93        99         0
 250        92       103        93        99         0
 251        93       103       104        99         0
 252        88        93        94        99         0
 253        93       104        94        99         0
 254        94       104       105        99         0
 255        88        94        95        99         0
 256        94       105        95        99         0
 257        95       105       106        99         0
 258        88        95        96        99         0
 259        95       106        96        99         0
 260        96       106       107        99         0
 261        88        96        97        99         0
 262        96       107        97        99         0
 263        97       107       108        99         0
 264        88        97        98        99         0
 265        97       108        98        99         0
 266        98       108       109        99         0
 267        88        98        89        99         0
 268        98       109        89        99         0
 269        89       109       100        99         0
 270        99       100       101       110         0
 271       100       111       101       110         0
 272       101       111       112       110         0
 273        99       101       102       110         0
 274       101       112       102       110         0
 275       102       112       113       110         0
 276        99       102       103       110         0
 277       102       113       103       110         0
 278       103       113       114       110         0
 279        99       103       104       110         0
 280       103       114       104       110         0
 281       104       114       115       110         0
 282        99       104       105       110         0
 283       104       115       105       110         0
 284       105       115       116       110         0
 285        99       105       106       110         0
 286       105       116       106       110         0
 287       106       116       117       110         0
 288        99       106       107       110         0
 289       106       117       107       110         0
 290       107       117       118       110         0
 291        99       107       108       110         0
 292       107       118       108       110         0
 293       108       118       119       110         0
 294        99       108       109       110         0
 295       108       119       109       110         0
 296       109       119       120       110         0
 297        99       109       100       110         0
 298       109       120       100       110         0
 299       100       120       111       110         0
node no. coordinates
   0    0.00000   0.00000   0.00000 
   1    0.00000   0.15000   0.41110 
   2    0.24164   0.15000   0.33258 
   3    0.39098   0.15000   0.12704 
   4    0.39098   0.15000  -0.12704 
   5    0.24164   0.15000  -0.33258 
   6    0.00000   0.15000  -0.41110 
   7   -0.24164   0.15000  -0.33258 
   8   -0.39098   0.15000  -0.12704 
   9   -0.39098   0.15000   0.12704 
  10   -0.24164   0.15000   0.33258 
  11    0.00000   0.30000   0.00000 
  12    0.00000   0.30000   0.58138 
  13    0.34173   0.30000   0.47034 
  14    0.55292   0.30000   0.17966 
  15    0.55292   0.30000  -0.17966 
  16    0.34173   0.30000  -0.47034 
  17    0.00000   0.30000  -0.58138 
  18   -0.34173   0.30000  -0.47034 
  19   -0.55292   0.30000  -0.17966 
  20   -0.55292   0.30000   0.17966 
  21   -0.34173   0.30000   0.47034 
  22    0.00000   0.60000   0.00000 
  23    0.00000   0.60000   0.82219 
  24    0.48327   0.60000   0.66517 
  25    0.78195   0.60000   0.25407 
  26    0.78195   0.60000  -0.25407 
  27    0.48327   0.60000  -0.66517 
  28    0.00000   0.60000  -0.82219 
  29   -0.48327   0.60000  -0.66517 
  30   -0.78195   0.60000  -0.25407 
  31   -0.78195   0.60000   0.25407 
  32   -0.48327   0.60000   0.66517 
  33    0.00000   0.90000   0.00000 
  34    0.00000   0.90000   1.00698 
  35    0.59189   0.90000   0.81466 
  36    0.95769   0.90000   0.31117 
  37    0.95769   0.90000  -0.31117 
  38    0.59189   0.90000  -0.81466 
  39    0.00000   0.90000  -1.00698 
  40   -0.59189   0.90000  -0.81466 
  41   -0.95769   0.90000  -0.31117 
  42   -0.95769   0.90000   0.31117 
  43   -0.59189   0.90000   0.81466 
  44    0.00000   1.20000   0.00000 
  45    0.00000   1.20000   1.16276 
  46    0.68345   1.20000   0.94069 
  47    1.10585   1.20000   0.35931 
  48    1.10585   1.20000  -0.35931 
  49    0.68345   1.20000  -0.94069 
  50    0.00000   1.20000  -1.16276 
  51   -0.68345   1.20000  -0.94069 
  52   -1.10585   1.20000  -0.35931 
  53   -1.10585   1.20000   0.35931 
  54   -0.68345   1.20000   0.94069 
  55    0.00000   1.50000   0.00000 
  56    0.00000   1.50000   1.30000 
  57    0.76412   1.50000   1.05172 
  58    1.23637   1.50000   0.40172 
  59    1.23637   1.50000  -0.40172 
  60    0.76412   1.50000  -1.05172 
  61    0.00000   1.50000  -1.30000 
  62   -0.76412   1.50000  -1.05172 
  63   -1.23637   1.50000  -0.40172 
  64   -1.23637   1.50000   0.40172 
  65   -0.76412   1.50000   1.05172 
  66    0.00000   2.60000   0.00000 
  67    0.00000   2.60000   1.30000 
  68    0.76412   2.60000   1.05172 
  69    1.23637   2.60000   0.40172 
  70    1.23637   2.60000  -0.40172 
  71    0.76412   2.60000  -1.05172 
  72    0.00000   2.60000  -1.30000 
  73   -0.76412   2.60000  -1.05172 
  74   -1.23637   2.60000  -0.40172 
  75   -1.23637   2.60000   0.40172 
  76   -0.76412   2.60000   1.05172 
  77    0.00000   3.40000   0.00000 
  78    0.00000   3.40000   1.30000 
  79    0.76412   3.40000   1.05172 
  80    1.23637   3.40000   0.40172 
  81    1.23637   3.40000  -0.40172 
  82    0.76412   3.40000  -1.05172 
  83    0.00000   3.40000  -1.30000 
  84   -0.76412   3.40000  -1.05172 
  85   -1.23637   3.40000  -0.40172 
  86   -1.23637   3.40000   0.40172 
  87   -0.76412   3.40000   1.05172 
  88    0.00000   4.20000   0.00000 
  89    0.00000   4.20000   1.30000 
  90    0.76412   4.20000   1.05172 
  91    1.23637   4.20000   0.40172 
  92    1.23637   4.20000  -0.40172 
  93    0.76412   4.20000  -1.05172 
  94    0.00000   4.20000  -1.30000 
  95   -0.76412   4.20000  -1.05172 
  96   -1.23637   4.20000  -0.40172 
  97   -1.23637   4.20000   0.40172 
  98   -0.76412   4.20000   1.05172 
  99    0.00000   5.00000   0.00000 
 100    0.00000   5.00000   1.30000 
 101    0.76412   5.00000   1.05172 
 102    1.23637   5.00000   0.40172 
 103    1.23637   5.00000  -0.40172 
 104    0.76412   5.00000  -1.05172 
 105    0.00000   5.00000  -1.30000 
 106   -0.76412   5.00000  -1.05172 
 107   -1.23637   5.00000  -0.40172 
 108   -1.23637   5.00000   0.40172 
 109   -0.76412   5.00000   1.05172 
 110    0.00000   5.80000   0.00000 
 111    0.00000   5.80000   1.30000 
 112    0.76412   5.80000   1.05172 
 113    1.23637   5.80000   0.40172 
 114    1.23637   5.80000  -0.40172 
 115    0.76412   5.80000  -1.05172 
 116    0.00000   5.80000  -1.30000 
 117   -0.76412   5.80000  -1.05172 
 118   -1.23637   5.80000  -0.40172 
 119   -1.23637   5.80000   0.40172 
 120   -0.76412   5.80000   1.05172 
prescribed displacement x: node  disp value
   0   0.0
   1   0.0
 -10
 prescribed displacement y: node  disp value
   0   0.0
   1   0.0
   2   0.0
   3   0.0
   4   0.0
   5   0.0
   6   0.0
   7   0.0
   8   0.0
   9   0.0
  10   0.0
 -10
 prescribed displacement z: node  disp value
   0   0.0
 -10
 node with point load and load vector in x,y,z
 110    0.0  -10.0e3  0.0
 111    0.0  -10.0e3  0.0
 112    0.0  -10.0e3  0.0
 113    0.0  -10.0e3  0.0
 114    0.0  -10.0e3  0.0
 115    0.0  -10.0e3  0.0
 116    0.0  -10.0e3  0.0
 117    0.0  -10.0e3  0.0
 118    0.0  -10.0e3  0.0
 119    0.0  -10.0e3  0.0
 120    0.0  -10.0e3  0.0
 -10
 node no. with stress and stress vector xx,yy,xy,zx,yz
 -10 
