   numel numnp nmat nmode This is for a 4 node tetrahedron
48 25 1 0
matl no., E modulus, Poisson Ratio, and density
   0   3.000000e+06   2.900000e-01   2.770000e+03
el no., connectivity, matl no
     0         0         1         4         9         0
     1         1         2         4         9         0
     2         2         3         4         9         0
     3         3         0         4         9         0
     4         0        10         5         9         0
     5        10        11         5         9         0
     6        11         1         5         9         0
     7         1         0         5         9         0
     8         1        11         6         9         0
     9        11        12         6         9         0
    10        12         2         6         9         0
    11         2         1         6         9         0
    12         2        12         7         9         0
    13        12        13         7         9         0
    14        13         3         7         9         0
    15         3         2         7         9         0
    16         3        13         8         9         0
    17        13        10         8         9         0
    18        10         0         8         9         0
    19         0         3         8         9         0
    20        11        10        14         9         0
    21        10        13        14         9         0
    22        13        12        14         9         0
    23        12        11        14         9         0
    24        10        11        14        19         0
    25        11        12        14        19         0
    26        12        13        14        19         0
    27        13        10        14        19         0
    28        10        20        15        19         0
    29        20        21        15        19         0
    30        21        11        15        19         0
    31        11        10        15        19         0
    32        11        21        16        19         0
    33        21        22        16        19         0
    34        22        12        16        19         0
    35        12        11        16        19         0
    36        12        22        17        19         0
    37        22        23        17        19         0
    38        23        13        17        19         0
    39        13        12        17        19         0
    40        13        23        18        19         0
    41        23        20        18        19         0
    42        20        10        18        19         0
    43        10        13        18        19         0
    44        21        20        24        19         0
    45        20        23        24        19         0
    46        23        22        24        19         0
    47        22        21        24        19         0
node no., coordinates
    0    0.000000e+00    0.000000e+00    0.000000e+00
    1    0.000000e+00    0.000000e+00    1.000000e+00
    2    1.000000e+00    0.000000e+00    1.000000e+00
    3    1.000000e+00    0.000000e+00    0.000000e+00
    4    5.000000e-01    0.000000e+00    5.000000e-01
    5    0.000000e+00    5.000000e-01    5.000000e-01
    6    5.000000e-01    5.000000e-01    1.000000e+00
    7    1.000000e+00    5.000000e-01    5.000000e-01
    8    5.000000e-01    5.000000e-01    0.000000e+00
    9    5.000000e-01    5.000000e-01    5.000000e-01
   10    0.000000e+00    1.000000e+00    0.000000e+00
   11    0.000000e+00    1.000000e+00    1.000000e+00
   12    1.000000e+00    1.000000e+00    1.000000e+00
   13    1.000000e+00    1.000000e+00    0.000000e+00
   14    5.000000e-01    1.000000e+00    5.000000e-01
   15    0.000000e+00    1.500000e+00    5.000000e-01
   16    5.000000e-01    1.500000e+00    1.000000e+00
   17    1.000000e+00    1.500000e+00    5.000000e-01
   18    5.000000e-01    1.500000e+00    0.000000e+00
   19    5.000000e-01    1.500000e+00    5.000000e-01
   20    0.000000e+00    2.000000e+00    0.000000e+00
   21    0.000000e+00    2.000000e+00    1.000000e+00
   22    1.000000e+00    2.000000e+00    1.000000e+00
   23    1.000000e+00    2.000000e+00    0.000000e+00
   24    5.000000e-01    2.000000e+00    5.000000e-01
prescribed displacement x: node  disp value
  10      0.000000e+00
  11      0.000000e+00
  12      0.000000e+00
  13      0.000000e+00
  14      0.000000e+00
 -10
 prescribed displacement y: node  disp value
  10      0.000000e+00
  11      0.000000e+00
  12      0.000000e+00
  13      0.000000e+00
  14      0.000000e+00
 -10
 prescribed displacement z: node  disp value
  10      0.000000e+00
  11      0.000000e+00
  12      0.000000e+00
  13      0.000000e+00
  14      0.000000e+00
 -10
 node with point load and load vector in x,y,z
   0      0.000000e+00    -8.000000e+04     0.000000e+00
   1      0.000000e+00    -8.000000e+04     0.000000e+00
   2      0.000000e+00    -8.000000e+04     0.000000e+00
   3      0.000000e+00    -8.000000e+04     0.000000e+00
   4      0.000000e+00    -8.000000e+04     0.000000e+00
 -10
 node no. with stress and stress vector xx,yy,xy,zx,yz
 -10 
