   numel numnp nmat nmode  (This is for a brick ball)
1344 512 1   0
matl no., E modulus, Poisson Ratio, density
0   100000000.0000           0.2700        2770.0000
el no.,connectivity, matl no
   0         0        32        33        64         0
   1        32        96        33        64         0
   2        33        96        97        64         0
   3         0        33         1        64         0
   4        33        97         1        64         0
   5         1        97        65        64         0
   6         1        33        34        65         0
   7        33        97        34        65         0
   8        34        97        98        65         0
   9         1        34         2        65         0
  10        34        98         2        65         0
  11         2        98        66        65         0
  12         2        34        35        66         0
  13        34        98        35        66         0
  14        35        98        99        66         0
  15         2        35         3        66         0
  16        35        99         3        66         0
  17         3        99        67        66         0
  18         3        35        36        67         0
  19        35        99        36        67         0
  20        36        99       100        67         0
  21         3        36         4        67         0
  22        36       100         4        67         0
  23         4       100        68        67         0
  24         4        36        37        68         0
  25        36       100        37        68         0
  26        37       100       101        68         0
  27         4        37         5        68         0
  28        37       101         5        68         0
  29         5       101        69        68         0
  30         5        37        38        69         0
  31        37       101        38        69         0
  32        38       101       102        69         0
  33         5        38         6        69         0
  34        38       102         6        69         0
  35         6       102        70        69         0
  36         6        38        39        70         0
  37        38       102        39        70         0
  38        39       102       103        70         0
  39         6        39         7        70         0
  40        39       103         7        70         0
  41         7       103        71        70         0
  42         7        39        40        71         0
  43        39       103        40        71         0
  44        40       103       104        71         0
  45         7        40         8        71         0
  46        40       104         8        71         0
  47         8       104        72        71         0
  48         8        40        41        72         0
  49        40       104        41        72         0
  50        41       104       105        72         0
  51         8        41         9        72         0
  52        41       105         9        72         0
  53         9       105        73        72         0
  54         9        41        42        73         0
  55        41       105        42        73         0
  56        42       105       106        73         0
  57         9        42        10        73         0
  58        42       106        10        73         0
  59        10       106        74        73         0
  60        10        42        43        74         0
  61        42       106        43        74         0
  62        43       106       107        74         0
  63        10        43        11        74         0
  64        43       107        11        74         0
  65        11       107        75        74         0
  66        11        43        44        75         0
  67        43       107        44        75         0
  68        44       107       108        75         0
  69        11        44        12        75         0
  70        44       108        12        75         0
  71        12       108        76        75         0
  72        12        44        45        76         0
  73        44       108        45        76         0
  74        45       108       109        76         0
  75        12        45        13        76         0
  76        45       109        13        76         0
  77        13       109        77        76         0
  78        13        45        46        77         0
  79        45       109        46        77         0
  80        46       109       110        77         0
  81        13        46        14        77         0
  82        46       110        14        77         0
  83        14       110        78        77         0
  84        14        46        47        78         0
  85        46       110        47        78         0
  86        47       110       111        78         0
  87        14        47        15        78         0
  88        47       111        15        78         0
  89        15       111        79        78         0
  90        15        47        48        79         0
  91        47       111        48        79         0
  92        48       111       112        79         0
  93        15        48        16        79         0
  94        48       112        16        79         0
  95        16       112        80        79         0
  96        16        48        49        80         0
  97        48       112        49        80         0
  98        49       112       113        80         0
  99        16        49        17        80         0
 100        49       113        17        80         0
 101        17       113        81        80         0
 102        17        49        50        81         0
 103        49       113        50        81         0
 104        50       113       114        81         0
 105        17        50        18        81         0
 106        50       114        18        81         0
 107        18       114        82        81         0
 108        18        50        51        82         0
 109        50       114        51        82         0
 110        51       114       115        82         0
 111        18        51        19        82         0
 112        51       115        19        82         0
 113        19       115        83        82         0
 114        19        51        52        83         0
 115        51       115        52        83         0
 116        52       115       116        83         0
 117        19        52        20        83         0
 118        52       116        20        83         0
 119        20       116        84        83         0
 120        20        52        53        84         0
 121        52       116        53        84         0
 122        53       116       117        84         0
 123        20        53        21        84         0
 124        53       117        21        84         0
 125        21       117        85        84         0
 126        21        53        54        85         0
 127        53       117        54        85         0
 128        54       117       118        85         0
 129        21        54        22        85         0
 130        54       118        22        85         0
 131        22       118        86        85         0
 132        22        54        55        86         0
 133        54       118        55        86         0
 134        55       118       119        86         0
 135        22        55        23        86         0
 136        55       119        23        86         0
 137        23       119        87        86         0
 138        23        55        56        87         0
 139        55       119        56        87         0
 140        56       119       120        87         0
 141        23        56        24        87         0
 142        56       120        24        87         0
 143        24       120        88        87         0
 144        24        56        57        88         0
 145        56       120        57        88         0
 146        57       120       121        88         0
 147        24        57        25        88         0
 148        57       121        25        88         0
 149        25       121        89        88         0
 150        25        57        58        89         0
 151        57       121        58        89         0
 152        58       121       122        89         0
 153        25        58        26        89         0
 154        58       122        26        89         0
 155        26       122        90        89         0
 156        26        58        59        90         0
 157        58       122        59        90         0
 158        59       122       123        90         0
 159        26        59        27        90         0
 160        59       123        27        90         0
 161        27       123        91        90         0
 162        27        59        60        91         0
 163        59       123        60        91         0
 164        60       123       124        91         0
 165        27        60        28        91         0
 166        60       124        28        91         0
 167        28       124        92        91         0
 168        28        60        61        92         0
 169        60       124        61        92         0
 170        61       124       125        92         0
 171        28        61        29        92         0
 172        61       125        29        92         0
 173        29       125        93        92         0
 174        29        61        62        93         0
 175        61       125        62        93         0
 176        62       125       126        93         0
 177        29        62        30        93         0
 178        62       126        30        93         0
 179        30       126        94        93         0
 180        30        62        63        94         0
 181        62       126        63        94         0
 182        63       126       127        94         0
 183        30        63        31        94         0
 184        63       127        31        94         0
 185        31       127        95        94         0
 186        31        63        32        95         0
 187        63       127        32        95         0
 188        32       127        96        95         0
 189        31        32         0        95         0
 190        32        96         0        95         0
 191         0        96        64        95         0
 192        64        96        97       128         0
 193        96       160        97       128         0
 194        97       160       161       128         0
 195        64        97        65       128         0
 196        97       161        65       128         0
 197        65       161       129       128         0
 198        65        97        98       129         0
 199        97       161        98       129         0
 200        98       161       162       129         0
 201        65        98        66       129         0
 202        98       162        66       129         0
 203        66       162       130       129         0
 204        66        98        99       130         0
 205        98       162        99       130         0
 206        99       162       163       130         0
 207        66        99        67       130         0
 208        99       163        67       130         0
 209        67       163       131       130         0
 210        67        99       100       131         0
 211        99       163       100       131         0
 212       100       163       164       131         0
 213        67       100        68       131         0
 214       100       164        68       131         0
 215        68       164       132       131         0
 216        68       100       101       132         0
 217       100       164       101       132         0
 218       101       164       165       132         0
 219        68       101        69       132         0
 220       101       165        69       132         0
 221        69       165       133       132         0
 222        69       101       102       133         0
 223       101       165       102       133         0
 224       102       165       166       133         0
 225        69       102        70       133         0
 226       102       166        70       133         0
 227        70       166       134       133         0
 228        70       102       103       134         0
 229       102       166       103       134         0
 230       103       166       167       134         0
 231        70       103        71       134         0
 232       103       167        71       134         0
 233        71       167       135       134         0
 234        71       103       104       135         0
 235       103       167       104       135         0
 236       104       167       168       135         0
 237        71       104        72       135         0
 238       104       168        72       135         0
 239        72       168       136       135         0
 240        72       104       105       136         0
 241       104       168       105       136         0
 242       105       168       169       136         0
 243        72       105        73       136         0
 244       105       169        73       136         0
 245        73       169       137       136         0
 246        73       105       106       137         0
 247       105       169       106       137         0
 248       106       169       170       137         0
 249        73       106        74       137         0
 250       106       170        74       137         0
 251        74       170       138       137         0
 252        74       106       107       138         0
 253       106       170       107       138         0
 254       107       170       171       138         0
 255        74       107        75       138         0
 256       107       171        75       138         0
 257        75       171       139       138         0
 258        75       107       108       139         0
 259       107       171       108       139         0
 260       108       171       172       139         0
 261        75       108        76       139         0
 262       108       172        76       139         0
 263        76       172       140       139         0
 264        76       108       109       140         0
 265       108       172       109       140         0
 266       109       172       173       140         0
 267        76       109        77       140         0
 268       109       173        77       140         0
 269        77       173       141       140         0
 270        77       109       110       141         0
 271       109       173       110       141         0
 272       110       173       174       141         0
 273        77       110        78       141         0
 274       110       174        78       141         0
 275        78       174       142       141         0
 276        78       110       111       142         0
 277       110       174       111       142         0
 278       111       174       175       142         0
 279        78       111        79       142         0
 280       111       175        79       142         0
 281        79       175       143       142         0
 282        79       111       112       143         0
 283       111       175       112       143         0
 284       112       175       176       143         0
 285        79       112        80       143         0
 286       112       176        80       143         0
 287        80       176       144       143         0
 288        80       112       113       144         0
 289       112       176       113       144         0
 290       113       176       177       144         0
 291        80       113        81       144         0
 292       113       177        81       144         0
 293        81       177       145       144         0
 294        81       113       114       145         0
 295       113       177       114       145         0
 296       114       177       178       145         0
 297        81       114        82       145         0
 298       114       178        82       145         0
 299        82       178       146       145         0
 300        82       114       115       146         0
 301       114       178       115       146         0
 302       115       178       179       146         0
 303        82       115        83       146         0
 304       115       179        83       146         0
 305        83       179       147       146         0
 306        83       115       116       147         0
 307       115       179       116       147         0
 308       116       179       180       147         0
 309        83       116        84       147         0
 310       116       180        84       147         0
 311        84       180       148       147         0
 312        84       116       117       148         0
 313       116       180       117       148         0
 314       117       180       181       148         0
 315        84       117        85       148         0
 316       117       181        85       148         0
 317        85       181       149       148         0
 318        85       117       118       149         0
 319       117       181       118       149         0
 320       118       181       182       149         0
 321        85       118        86       149         0
 322       118       182        86       149         0
 323        86       182       150       149         0
 324        86       118       119       150         0
 325       118       182       119       150         0
 326       119       182       183       150         0
 327        86       119        87       150         0
 328       119       183        87       150         0
 329        87       183       151       150         0
 330        87       119       120       151         0
 331       119       183       120       151         0
 332       120       183       184       151         0
 333        87       120        88       151         0
 334       120       184        88       151         0
 335        88       184       152       151         0
 336        88       120       121       152         0
 337       120       184       121       152         0
 338       121       184       185       152         0
 339        88       121        89       152         0
 340       121       185        89       152         0
 341        89       185       153       152         0
 342        89       121       122       153         0
 343       121       185       122       153         0
 344       122       185       186       153         0
 345        89       122        90       153         0
 346       122       186        90       153         0
 347        90       186       154       153         0
 348        90       122       123       154         0
 349       122       186       123       154         0
 350       123       186       187       154         0
 351        90       123        91       154         0
 352       123       187        91       154         0
 353        91       187       155       154         0
 354        91       123       124       155         0
 355       123       187       124       155         0
 356       124       187       188       155         0
 357        91       124        92       155         0
 358       124       188        92       155         0
 359        92       188       156       155         0
 360        92       124       125       156         0
 361       124       188       125       156         0
 362       125       188       189       156         0
 363        92       125        93       156         0
 364       125       189        93       156         0
 365        93       189       157       156         0
 366        93       125       126       157         0
 367       125       189       126       157         0
 368       126       189       190       157         0
 369        93       126        94       157         0
 370       126       190        94       157         0
 371        94       190       158       157         0
 372        94       126       127       158         0
 373       126       190       127       158         0
 374       127       190       191       158         0
 375        94       127        95       158         0
 376       127       191        95       158         0
 377        95       191       159       158         0
 378        95       127        96       159         0
 379       127       191        96       159         0
 380        96       191       160       159         0
 381        95        96        64       159         0
 382        96       160        64       159         0
 383        64       160       128       159         0
 384       128       160       161       192         0
 385       160       224       161       192         0
 386       161       224       225       192         0
 387       128       161       129       192         0
 388       161       225       129       192         0
 389       129       225       193       192         0
 390       129       161       162       193         0
 391       161       225       162       193         0
 392       162       225       226       193         0
 393       129       162       130       193         0
 394       162       226       130       193         0
 395       130       226       194       193         0
 396       130       162       163       194         0
 397       162       226       163       194         0
 398       163       226       227       194         0
 399       130       163       131       194         0
 400       163       227       131       194         0
 401       131       227       195       194         0
 402       131       163       164       195         0
 403       163       227       164       195         0
 404       164       227       228       195         0
 405       131       164       132       195         0
 406       164       228       132       195         0
 407       132       228       196       195         0
 408       132       164       165       196         0
 409       164       228       165       196         0
 410       165       228       229       196         0
 411       132       165       133       196         0
 412       165       229       133       196         0
 413       133       229       197       196         0
 414       133       165       166       197         0
 415       165       229       166       197         0
 416       166       229       230       197         0
 417       133       166       134       197         0
 418       166       230       134       197         0
 419       134       230       198       197         0
 420       134       166       167       198         0
 421       166       230       167       198         0
 422       167       230       231       198         0
 423       134       167       135       198         0
 424       167       231       135       198         0
 425       135       231       199       198         0
 426       135       167       168       199         0
 427       167       231       168       199         0
 428       168       231       232       199         0
 429       135       168       136       199         0
 430       168       232       136       199         0
 431       136       232       200       199         0
 432       136       168       169       200         0
 433       168       232       169       200         0
 434       169       232       233       200         0
 435       136       169       137       200         0
 436       169       233       137       200         0
 437       137       233       201       200         0
 438       137       169       170       201         0
 439       169       233       170       201         0
 440       170       233       234       201         0
 441       137       170       138       201         0
 442       170       234       138       201         0
 443       138       234       202       201         0
 444       138       170       171       202         0
 445       170       234       171       202         0
 446       171       234       235       202         0
 447       138       171       139       202         0
 448       171       235       139       202         0
 449       139       235       203       202         0
 450       139       171       172       203         0
 451       171       235       172       203         0
 452       172       235       236       203         0
 453       139       172       140       203         0
 454       172       236       140       203         0
 455       140       236       204       203         0
 456       140       172       173       204         0
 457       172       236       173       204         0
 458       173       236       237       204         0
 459       140       173       141       204         0
 460       173       237       141       204         0
 461       141       237       205       204         0
 462       141       173       174       205         0
 463       173       237       174       205         0
 464       174       237       238       205         0
 465       141       174       142       205         0
 466       174       238       142       205         0
 467       142       238       206       205         0
 468       142       174       175       206         0
 469       174       238       175       206         0
 470       175       238       239       206         0
 471       142       175       143       206         0
 472       175       239       143       206         0
 473       143       239       207       206         0
 474       143       175       176       207         0
 475       175       239       176       207         0
 476       176       239       240       207         0
 477       143       176       144       207         0
 478       176       240       144       207         0
 479       144       240       208       207         0
 480       144       176       177       208         0
 481       176       240       177       208         0
 482       177       240       241       208         0
 483       144       177       145       208         0
 484       177       241       145       208         0
 485       145       241       209       208         0
 486       145       177       178       209         0
 487       177       241       178       209         0
 488       178       241       242       209         0
 489       145       178       146       209         0
 490       178       242       146       209         0
 491       146       242       210       209         0
 492       146       178       179       210         0
 493       178       242       179       210         0
 494       179       242       243       210         0
 495       146       179       147       210         0
 496       179       243       147       210         0
 497       147       243       211       210         0
 498       147       179       180       211         0
 499       179       243       180       211         0
 500       180       243       244       211         0
 501       147       180       148       211         0
 502       180       244       148       211         0
 503       148       244       212       211         0
 504       148       180       181       212         0
 505       180       244       181       212         0
 506       181       244       245       212         0
 507       148       181       149       212         0
 508       181       245       149       212         0
 509       149       245       213       212         0
 510       149       181       182       213         0
 511       181       245       182       213         0
 512       182       245       246       213         0
 513       149       182       150       213         0
 514       182       246       150       213         0
 515       150       246       214       213         0
 516       150       182       183       214         0
 517       182       246       183       214         0
 518       183       246       247       214         0
 519       150       183       151       214         0
 520       183       247       151       214         0
 521       151       247       215       214         0
 522       151       183       184       215         0
 523       183       247       184       215         0
 524       184       247       248       215         0
 525       151       184       152       215         0
 526       184       248       152       215         0
 527       152       248       216       215         0
 528       152       184       185       216         0
 529       184       248       185       216         0
 530       185       248       249       216         0
 531       152       185       153       216         0
 532       185       249       153       216         0
 533       153       249       217       216         0
 534       153       185       186       217         0
 535       185       249       186       217         0
 536       186       249       250       217         0
 537       153       186       154       217         0
 538       186       250       154       217         0
 539       154       250       218       217         0
 540       154       186       187       218         0
 541       186       250       187       218         0
 542       187       250       251       218         0
 543       154       187       155       218         0
 544       187       251       155       218         0
 545       155       251       219       218         0
 546       155       187       188       219         0
 547       187       251       188       219         0
 548       188       251       252       219         0
 549       155       188       156       219         0
 550       188       252       156       219         0
 551       156       252       220       219         0
 552       156       188       189       220         0
 553       188       252       189       220         0
 554       189       252       253       220         0
 555       156       189       157       220         0
 556       189       253       157       220         0
 557       157       253       221       220         0
 558       157       189       190       221         0
 559       189       253       190       221         0
 560       190       253       254       221         0
 561       157       190       158       221         0
 562       190       254       158       221         0
 563       158       254       222       221         0
 564       158       190       191       222         0
 565       190       254       191       222         0
 566       191       254       255       222         0
 567       158       191       159       222         0
 568       191       255       159       222         0
 569       159       255       223       222         0
 570       159       191       160       223         0
 571       191       255       160       223         0
 572       160       255       224       223         0
 573       159       160       128       223         0
 574       160       224       128       223         0
 575       128       224       192       223         0
 576       192       224       225       256         0
 577       224       288       225       256         0
 578       225       288       289       256         0
 579       192       225       193       256         0
 580       225       289       193       256         0
 581       193       289       257       256         0
 582       193       225       226       257         0
 583       225       289       226       257         0
 584       226       289       290       257         0
 585       193       226       194       257         0
 586       226       290       194       257         0
 587       194       290       258       257         0
 588       194       226       227       258         0
 589       226       290       227       258         0
 590       227       290       291       258         0
 591       194       227       195       258         0
 592       227       291       195       258         0
 593       195       291       259       258         0
 594       195       227       228       259         0
 595       227       291       228       259         0
 596       228       291       292       259         0
 597       195       228       196       259         0
 598       228       292       196       259         0
 599       196       292       260       259         0
 600       196       228       229       260         0
 601       228       292       229       260         0
 602       229       292       293       260         0
 603       196       229       197       260         0
 604       229       293       197       260         0
 605       197       293       261       260         0
 606       197       229       230       261         0
 607       229       293       230       261         0
 608       230       293       294       261         0
 609       197       230       198       261         0
 610       230       294       198       261         0
 611       198       294       262       261         0
 612       198       230       231       262         0
 613       230       294       231       262         0
 614       231       294       295       262         0
 615       198       231       199       262         0
 616       231       295       199       262         0
 617       199       295       263       262         0
 618       199       231       232       263         0
 619       231       295       232       263         0
 620       232       295       296       263         0
 621       199       232       200       263         0
 622       232       296       200       263         0
 623       200       296       264       263         0
 624       200       232       233       264         0
 625       232       296       233       264         0
 626       233       296       297       264         0
 627       200       233       201       264         0
 628       233       297       201       264         0
 629       201       297       265       264         0
 630       201       233       234       265         0
 631       233       297       234       265         0
 632       234       297       298       265         0
 633       201       234       202       265         0
 634       234       298       202       265         0
 635       202       298       266       265         0
 636       202       234       235       266         0
 637       234       298       235       266         0
 638       235       298       299       266         0
 639       202       235       203       266         0
 640       235       299       203       266         0
 641       203       299       267       266         0
 642       203       235       236       267         0
 643       235       299       236       267         0
 644       236       299       300       267         0
 645       203       236       204       267         0
 646       236       300       204       267         0
 647       204       300       268       267         0
 648       204       236       237       268         0
 649       236       300       237       268         0
 650       237       300       301       268         0
 651       204       237       205       268         0
 652       237       301       205       268         0
 653       205       301       269       268         0
 654       205       237       238       269         0
 655       237       301       238       269         0
 656       238       301       302       269         0
 657       205       238       206       269         0
 658       238       302       206       269         0
 659       206       302       270       269         0
 660       206       238       239       270         0
 661       238       302       239       270         0
 662       239       302       303       270         0
 663       206       239       207       270         0
 664       239       303       207       270         0
 665       207       303       271       270         0
 666       207       239       240       271         0
 667       239       303       240       271         0
 668       240       303       304       271         0
 669       207       240       208       271         0
 670       240       304       208       271         0
 671       208       304       272       271         0
 672       208       240       241       272         0
 673       240       304       241       272         0
 674       241       304       305       272         0
 675       208       241       209       272         0
 676       241       305       209       272         0
 677       209       305       273       272         0
 678       209       241       242       273         0
 679       241       305       242       273         0
 680       242       305       306       273         0
 681       209       242       210       273         0
 682       242       306       210       273         0
 683       210       306       274       273         0
 684       210       242       243       274         0
 685       242       306       243       274         0
 686       243       306       307       274         0
 687       210       243       211       274         0
 688       243       307       211       274         0
 689       211       307       275       274         0
 690       211       243       244       275         0
 691       243       307       244       275         0
 692       244       307       308       275         0
 693       211       244       212       275         0
 694       244       308       212       275         0
 695       212       308       276       275         0
 696       212       244       245       276         0
 697       244       308       245       276         0
 698       245       308       309       276         0
 699       212       245       213       276         0
 700       245       309       213       276         0
 701       213       309       277       276         0
 702       213       245       246       277         0
 703       245       309       246       277         0
 704       246       309       310       277         0
 705       213       246       214       277         0
 706       246       310       214       277         0
 707       214       310       278       277         0
 708       214       246       247       278         0
 709       246       310       247       278         0
 710       247       310       311       278         0
 711       214       247       215       278         0
 712       247       311       215       278         0
 713       215       311       279       278         0
 714       215       247       248       279         0
 715       247       311       248       279         0
 716       248       311       312       279         0
 717       215       248       216       279         0
 718       248       312       216       279         0
 719       216       312       280       279         0
 720       216       248       249       280         0
 721       248       312       249       280         0
 722       249       312       313       280         0
 723       216       249       217       280         0
 724       249       313       217       280         0
 725       217       313       281       280         0
 726       217       249       250       281         0
 727       249       313       250       281         0
 728       250       313       314       281         0
 729       217       250       218       281         0
 730       250       314       218       281         0
 731       218       314       282       281         0
 732       218       250       251       282         0
 733       250       314       251       282         0
 734       251       314       315       282         0
 735       218       251       219       282         0
 736       251       315       219       282         0
 737       219       315       283       282         0
 738       219       251       252       283         0
 739       251       315       252       283         0
 740       252       315       316       283         0
 741       219       252       220       283         0
 742       252       316       220       283         0
 743       220       316       284       283         0
 744       220       252       253       284         0
 745       252       316       253       284         0
 746       253       316       317       284         0
 747       220       253       221       284         0
 748       253       317       221       284         0
 749       221       317       285       284         0
 750       221       253       254       285         0
 751       253       317       254       285         0
 752       254       317       318       285         0
 753       221       254       222       285         0
 754       254       318       222       285         0
 755       222       318       286       285         0
 756       222       254       255       286         0
 757       254       318       255       286         0
 758       255       318       319       286         0
 759       222       255       223       286         0
 760       255       319       223       286         0
 761       223       319       287       286         0
 762       223       255       224       287         0
 763       255       319       224       287         0
 764       224       319       288       287         0
 765       223       224       192       287         0
 766       224       288       192       287         0
 767       192       288       256       287         0
 768       256       288       289       320         0
 769       288       352       289       320         0
 770       289       352       353       320         0
 771       256       289       257       320         0
 772       289       353       257       320         0
 773       257       353       321       320         0
 774       257       289       290       321         0
 775       289       353       290       321         0
 776       290       353       354       321         0
 777       257       290       258       321         0
 778       290       354       258       321         0
 779       258       354       322       321         0
 780       258       290       291       322         0
 781       290       354       291       322         0
 782       291       354       355       322         0
 783       258       291       259       322         0
 784       291       355       259       322         0
 785       259       355       323       322         0
 786       259       291       292       323         0
 787       291       355       292       323         0
 788       292       355       356       323         0
 789       259       292       260       323         0
 790       292       356       260       323         0
 791       260       356       324       323         0
 792       260       292       293       324         0
 793       292       356       293       324         0
 794       293       356       357       324         0
 795       260       293       261       324         0
 796       293       357       261       324         0
 797       261       357       325       324         0
 798       261       293       294       325         0
 799       293       357       294       325         0
 800       294       357       358       325         0
 801       261       294       262       325         0
 802       294       358       262       325         0
 803       262       358       326       325         0
 804       262       294       295       326         0
 805       294       358       295       326         0
 806       295       358       359       326         0
 807       262       295       263       326         0
 808       295       359       263       326         0
 809       263       359       327       326         0
 810       263       295       296       327         0
 811       295       359       296       327         0
 812       296       359       360       327         0
 813       263       296       264       327         0
 814       296       360       264       327         0
 815       264       360       328       327         0
 816       264       296       297       328         0
 817       296       360       297       328         0
 818       297       360       361       328         0
 819       264       297       265       328         0
 820       297       361       265       328         0
 821       265       361       329       328         0
 822       265       297       298       329         0
 823       297       361       298       329         0
 824       298       361       362       329         0
 825       265       298       266       329         0
 826       298       362       266       329         0
 827       266       362       330       329         0
 828       266       298       299       330         0
 829       298       362       299       330         0
 830       299       362       363       330         0
 831       266       299       267       330         0
 832       299       363       267       330         0
 833       267       363       331       330         0
 834       267       299       300       331         0
 835       299       363       300       331         0
 836       300       363       364       331         0
 837       267       300       268       331         0
 838       300       364       268       331         0
 839       268       364       332       331         0
 840       268       300       301       332         0
 841       300       364       301       332         0
 842       301       364       365       332         0
 843       268       301       269       332         0
 844       301       365       269       332         0
 845       269       365       333       332         0
 846       269       301       302       333         0
 847       301       365       302       333         0
 848       302       365       366       333         0
 849       269       302       270       333         0
 850       302       366       270       333         0
 851       270       366       334       333         0
 852       270       302       303       334         0
 853       302       366       303       334         0
 854       303       366       367       334         0
 855       270       303       271       334         0
 856       303       367       271       334         0
 857       271       367       335       334         0
 858       271       303       304       335         0
 859       303       367       304       335         0
 860       304       367       368       335         0
 861       271       304       272       335         0
 862       304       368       272       335         0
 863       272       368       336       335         0
 864       272       304       305       336         0
 865       304       368       305       336         0
 866       305       368       369       336         0
 867       272       305       273       336         0
 868       305       369       273       336         0
 869       273       369       337       336         0
 870       273       305       306       337         0
 871       305       369       306       337         0
 872       306       369       370       337         0
 873       273       306       274       337         0
 874       306       370       274       337         0
 875       274       370       338       337         0
 876       274       306       307       338         0
 877       306       370       307       338         0
 878       307       370       371       338         0
 879       274       307       275       338         0
 880       307       371       275       338         0
 881       275       371       339       338         0
 882       275       307       308       339         0
 883       307       371       308       339         0
 884       308       371       372       339         0
 885       275       308       276       339         0
 886       308       372       276       339         0
 887       276       372       340       339         0
 888       276       308       309       340         0
 889       308       372       309       340         0
 890       309       372       373       340         0
 891       276       309       277       340         0
 892       309       373       277       340         0
 893       277       373       341       340         0
 894       277       309       310       341         0
 895       309       373       310       341         0
 896       310       373       374       341         0
 897       277       310       278       341         0
 898       310       374       278       341         0
 899       278       374       342       341         0
 900       278       310       311       342         0
 901       310       374       311       342         0
 902       311       374       375       342         0
 903       278       311       279       342         0
 904       311       375       279       342         0
 905       279       375       343       342         0
 906       279       311       312       343         0
 907       311       375       312       343         0
 908       312       375       376       343         0
 909       279       312       280       343         0
 910       312       376       280       343         0
 911       280       376       344       343         0
 912       280       312       313       344         0
 913       312       376       313       344         0
 914       313       376       377       344         0
 915       280       313       281       344         0
 916       313       377       281       344         0
 917       281       377       345       344         0
 918       281       313       314       345         0
 919       313       377       314       345         0
 920       314       377       378       345         0
 921       281       314       282       345         0
 922       314       378       282       345         0
 923       282       378       346       345         0
 924       282       314       315       346         0
 925       314       378       315       346         0
 926       315       378       379       346         0
 927       282       315       283       346         0
 928       315       379       283       346         0
 929       283       379       347       346         0
 930       283       315       316       347         0
 931       315       379       316       347         0
 932       316       379       380       347         0
 933       283       316       284       347         0
 934       316       380       284       347         0
 935       284       380       348       347         0
 936       284       316       317       348         0
 937       316       380       317       348         0
 938       317       380       381       348         0
 939       284       317       285       348         0
 940       317       381       285       348         0
 941       285       381       349       348         0
 942       285       317       318       349         0
 943       317       381       318       349         0
 944       318       381       382       349         0
 945       285       318       286       349         0
 946       318       382       286       349         0
 947       286       382       350       349         0
 948       286       318       319       350         0
 949       318       382       319       350         0
 950       319       382       383       350         0
 951       286       319       287       350         0
 952       319       383       287       350         0
 953       287       383       351       350         0
 954       287       319       288       351         0
 955       319       383       288       351         0
 956       288       383       352       351         0
 957       287       288       256       351         0
 958       288       352       256       351         0
 959       256       352       320       351         0
 960       320       352       353       384         0
 961       352       416       353       384         0
 962       353       416       417       384         0
 963       320       353       321       384         0
 964       353       417       321       384         0
 965       321       417       385       384         0
 966       321       353       354       385         0
 967       353       417       354       385         0
 968       354       417       418       385         0
 969       321       354       322       385         0
 970       354       418       322       385         0
 971       322       418       386       385         0
 972       322       354       355       386         0
 973       354       418       355       386         0
 974       355       418       419       386         0
 975       322       355       323       386         0
 976       355       419       323       386         0
 977       323       419       387       386         0
 978       323       355       356       387         0
 979       355       419       356       387         0
 980       356       419       420       387         0
 981       323       356       324       387         0
 982       356       420       324       387         0
 983       324       420       388       387         0
 984       324       356       357       388         0
 985       356       420       357       388         0
 986       357       420       421       388         0
 987       324       357       325       388         0
 988       357       421       325       388         0
 989       325       421       389       388         0
 990       325       357       358       389         0
 991       357       421       358       389         0
 992       358       421       422       389         0
 993       325       358       326       389         0
 994       358       422       326       389         0
 995       326       422       390       389         0
 996       326       358       359       390         0
 997       358       422       359       390         0
 998       359       422       423       390         0
 999       326       359       327       390         0
1000       359       423       327       390         0
1001       327       423       391       390         0
1002       327       359       360       391         0
1003       359       423       360       391         0
1004       360       423       424       391         0
1005       327       360       328       391         0
1006       360       424       328       391         0
1007       328       424       392       391         0
1008       328       360       361       392         0
1009       360       424       361       392         0
1010       361       424       425       392         0
1011       328       361       329       392         0
1012       361       425       329       392         0
1013       329       425       393       392         0
1014       329       361       362       393         0
1015       361       425       362       393         0
1016       362       425       426       393         0
1017       329       362       330       393         0
1018       362       426       330       393         0
1019       330       426       394       393         0
1020       330       362       363       394         0
1021       362       426       363       394         0
1022       363       426       427       394         0
1023       330       363       331       394         0
1024       363       427       331       394         0
1025       331       427       395       394         0
1026       331       363       364       395         0
1027       363       427       364       395         0
1028       364       427       428       395         0
1029       331       364       332       395         0
1030       364       428       332       395         0
1031       332       428       396       395         0
1032       332       364       365       396         0
1033       364       428       365       396         0
1034       365       428       429       396         0
1035       332       365       333       396         0
1036       365       429       333       396         0
1037       333       429       397       396         0
1038       333       365       366       397         0
1039       365       429       366       397         0
1040       366       429       430       397         0
1041       333       366       334       397         0
1042       366       430       334       397         0
1043       334       430       398       397         0
1044       334       366       367       398         0
1045       366       430       367       398         0
1046       367       430       431       398         0
1047       334       367       335       398         0
1048       367       431       335       398         0
1049       335       431       399       398         0
1050       335       367       368       399         0
1051       367       431       368       399         0
1052       368       431       432       399         0
1053       335       368       336       399         0
1054       368       432       336       399         0
1055       336       432       400       399         0
1056       336       368       369       400         0
1057       368       432       369       400         0
1058       369       432       433       400         0
1059       336       369       337       400         0
1060       369       433       337       400         0
1061       337       433       401       400         0
1062       337       369       370       401         0
1063       369       433       370       401         0
1064       370       433       434       401         0
1065       337       370       338       401         0
1066       370       434       338       401         0
1067       338       434       402       401         0
1068       338       370       371       402         0
1069       370       434       371       402         0
1070       371       434       435       402         0
1071       338       371       339       402         0
1072       371       435       339       402         0
1073       339       435       403       402         0
1074       339       371       372       403         0
1075       371       435       372       403         0
1076       372       435       436       403         0
1077       339       372       340       403         0
1078       372       436       340       403         0
1079       340       436       404       403         0
1080       340       372       373       404         0
1081       372       436       373       404         0
1082       373       436       437       404         0
1083       340       373       341       404         0
1084       373       437       341       404         0
1085       341       437       405       404         0
1086       341       373       374       405         0
1087       373       437       374       405         0
1088       374       437       438       405         0
1089       341       374       342       405         0
1090       374       438       342       405         0
1091       342       438       406       405         0
1092       342       374       375       406         0
1093       374       438       375       406         0
1094       375       438       439       406         0
1095       342       375       343       406         0
1096       375       439       343       406         0
1097       343       439       407       406         0
1098       343       375       376       407         0
1099       375       439       376       407         0
1100       376       439       440       407         0
1101       343       376       344       407         0
1102       376       440       344       407         0
1103       344       440       408       407         0
1104       344       376       377       408         0
1105       376       440       377       408         0
1106       377       440       441       408         0
1107       344       377       345       408         0
1108       377       441       345       408         0
1109       345       441       409       408         0
1110       345       377       378       409         0
1111       377       441       378       409         0
1112       378       441       442       409         0
1113       345       378       346       409         0
1114       378       442       346       409         0
1115       346       442       410       409         0
1116       346       378       379       410         0
1117       378       442       379       410         0
1118       379       442       443       410         0
1119       346       379       347       410         0
1120       379       443       347       410         0
1121       347       443       411       410         0
1122       347       379       380       411         0
1123       379       443       380       411         0
1124       380       443       444       411         0
1125       347       380       348       411         0
1126       380       444       348       411         0
1127       348       444       412       411         0
1128       348       380       381       412         0
1129       380       444       381       412         0
1130       381       444       445       412         0
1131       348       381       349       412         0
1132       381       445       349       412         0
1133       349       445       413       412         0
1134       349       381       382       413         0
1135       381       445       382       413         0
1136       382       445       446       413         0
1137       349       382       350       413         0
1138       382       446       350       413         0
1139       350       446       414       413         0
1140       350       382       383       414         0
1141       382       446       383       414         0
1142       383       446       447       414         0
1143       350       383       351       414         0
1144       383       447       351       414         0
1145       351       447       415       414         0
1146       351       383       352       415         0
1147       383       447       352       415         0
1148       352       447       416       415         0
1149       351       352       320       415         0
1150       352       416       320       415         0
1151       320       416       384       415         0
1152       384       416       417       448         0
1153       416       480       417       448         0
1154       417       480       481       448         0
1155       384       417       385       448         0
1156       417       481       385       448         0
1157       385       481       449       448         0
1158       385       417       418       449         0
1159       417       481       418       449         0
1160       418       481       482       449         0
1161       385       418       386       449         0
1162       418       482       386       449         0
1163       386       482       450       449         0
1164       386       418       419       450         0
1165       418       482       419       450         0
1166       419       482       483       450         0
1167       386       419       387       450         0
1168       419       483       387       450         0
1169       387       483       451       450         0
1170       387       419       420       451         0
1171       419       483       420       451         0
1172       420       483       484       451         0
1173       387       420       388       451         0
1174       420       484       388       451         0
1175       388       484       452       451         0
1176       388       420       421       452         0
1177       420       484       421       452         0
1178       421       484       485       452         0
1179       388       421       389       452         0
1180       421       485       389       452         0
1181       389       485       453       452         0
1182       389       421       422       453         0
1183       421       485       422       453         0
1184       422       485       486       453         0
1185       389       422       390       453         0
1186       422       486       390       453         0
1187       390       486       454       453         0
1188       390       422       423       454         0
1189       422       486       423       454         0
1190       423       486       487       454         0
1191       390       423       391       454         0
1192       423       487       391       454         0
1193       391       487       455       454         0
1194       391       423       424       455         0
1195       423       487       424       455         0
1196       424       487       488       455         0
1197       391       424       392       455         0
1198       424       488       392       455         0
1199       392       488       456       455         0
1200       392       424       425       456         0
1201       424       488       425       456         0
1202       425       488       489       456         0
1203       392       425       393       456         0
1204       425       489       393       456         0
1205       393       489       457       456         0
1206       393       425       426       457         0
1207       425       489       426       457         0
1208       426       489       490       457         0
1209       393       426       394       457         0
1210       426       490       394       457         0
1211       394       490       458       457         0
1212       394       426       427       458         0
1213       426       490       427       458         0
1214       427       490       491       458         0
1215       394       427       395       458         0
1216       427       491       395       458         0
1217       395       491       459       458         0
1218       395       427       428       459         0
1219       427       491       428       459         0
1220       428       491       492       459         0
1221       395       428       396       459         0
1222       428       492       396       459         0
1223       396       492       460       459         0
1224       396       428       429       460         0
1225       428       492       429       460         0
1226       429       492       493       460         0
1227       396       429       397       460         0
1228       429       493       397       460         0
1229       397       493       461       460         0
1230       397       429       430       461         0
1231       429       493       430       461         0
1232       430       493       494       461         0
1233       397       430       398       461         0
1234       430       494       398       461         0
1235       398       494       462       461         0
1236       398       430       431       462         0
1237       430       494       431       462         0
1238       431       494       495       462         0
1239       398       431       399       462         0
1240       431       495       399       462         0
1241       399       495       463       462         0
1242       399       431       432       463         0
1243       431       495       432       463         0
1244       432       495       496       463         0
1245       399       432       400       463         0
1246       432       496       400       463         0
1247       400       496       464       463         0
1248       400       432       433       464         0
1249       432       496       433       464         0
1250       433       496       497       464         0
1251       400       433       401       464         0
1252       433       497       401       464         0
1253       401       497       465       464         0
1254       401       433       434       465         0
1255       433       497       434       465         0
1256       434       497       498       465         0
1257       401       434       402       465         0
1258       434       498       402       465         0
1259       402       498       466       465         0
1260       402       434       435       466         0
1261       434       498       435       466         0
1262       435       498       499       466         0
1263       402       435       403       466         0
1264       435       499       403       466         0
1265       403       499       467       466         0
1266       403       435       436       467         0
1267       435       499       436       467         0
1268       436       499       500       467         0
1269       403       436       404       467         0
1270       436       500       404       467         0
1271       404       500       468       467         0
1272       404       436       437       468         0
1273       436       500       437       468         0
1274       437       500       501       468         0
1275       404       437       405       468         0
1276       437       501       405       468         0
1277       405       501       469       468         0
1278       405       437       438       469         0
1279       437       501       438       469         0
1280       438       501       502       469         0
1281       405       438       406       469         0
1282       438       502       406       469         0
1283       406       502       470       469         0
1284       406       438       439       470         0
1285       438       502       439       470         0
1286       439       502       503       470         0
1287       406       439       407       470         0
1288       439       503       407       470         0
1289       407       503       471       470         0
1290       407       439       440       471         0
1291       439       503       440       471         0
1292       440       503       504       471         0
1293       407       440       408       471         0
1294       440       504       408       471         0
1295       408       504       472       471         0
1296       408       440       441       472         0
1297       440       504       441       472         0
1298       441       504       505       472         0
1299       408       441       409       472         0
1300       441       505       409       472         0
1301       409       505       473       472         0
1302       409       441       442       473         0
1303       441       505       442       473         0
1304       442       505       506       473         0
1305       409       442       410       473         0
1306       442       506       410       473         0
1307       410       506       474       473         0
1308       410       442       443       474         0
1309       442       506       443       474         0
1310       443       506       507       474         0
1311       410       443       411       474         0
1312       443       507       411       474         0
1313       411       507       475       474         0
1314       411       443       444       475         0
1315       443       507       444       475         0
1316       444       507       508       475         0
1317       411       444       412       475         0
1318       444       508       412       475         0
1319       412       508       476       475         0
1320       412       444       445       476         0
1321       444       508       445       476         0
1322       445       508       509       476         0
1323       412       445       413       476         0
1324       445       509       413       476         0
1325       413       509       477       476         0
1326       413       445       446       477         0
1327       445       509       446       477         0
1328       446       509       510       477         0
1329       413       446       414       477         0
1330       446       510       414       477         0
1331       414       510       478       477         0
1332       414       446       447       478         0
1333       446       510       447       478         0
1334       447       510       511       478         0
1335       414       447       415       478         0
1336       447       511       415       478         0
1337       415       511       479       478         0
1338       415       447       416       479         0
1339       447       511       416       479         0
1340       416       511       480       479         0
1341       415       416       384       479         0
1342       416       480       384       479         0
1343       384       480       448       479         0
node no. coordinates
   0   -0.00000  -1.87938  -0.68404 
   1   -0.13345  -1.87938  -0.67090 
   2   -0.26177  -1.87938  -0.63198 
   3   -0.38003  -1.87938  -0.56876 
   4   -0.48369  -1.87938  -0.48369 
   5   -0.56876  -1.87938  -0.38004 
   6   -0.63197  -1.87938  -0.26177 
   7   -0.67090  -1.87938  -0.13345 
   8   -0.68404  -1.87938  -0.00000 
   9   -0.67090  -1.87938   0.13345 
  10   -0.63198  -1.87938   0.26177 
  11   -0.56876  -1.87938   0.38003 
  12   -0.48369  -1.87938   0.48369 
  13   -0.38004  -1.87938   0.56876 
  14   -0.26177  -1.87938   0.63197 
  15   -0.13345  -1.87938   0.67090 
  16   -0.00000  -1.87938   0.68404 
  17    0.13345  -1.87938   0.67090 
  18    0.26177  -1.87938   0.63198 
  19    0.38003  -1.87938   0.56876 
  20    0.48369  -1.87938   0.48369 
  21    0.56876  -1.87938   0.38004 
  22    0.63197  -1.87938   0.26177 
  23    0.67090  -1.87938   0.13345 
  24    0.68404  -1.87938   0.00000 
  25    0.67090  -1.87938  -0.13345 
  26    0.63198  -1.87938  -0.26177 
  27    0.56876  -1.87938  -0.38003 
  28    0.48369  -1.87938  -0.48369 
  29    0.38004  -1.87938  -0.56876 
  30    0.26178  -1.87938  -0.63197 
  31    0.13345  -1.87938  -0.67090 
  32   -0.00000  -2.34923  -0.85506 
  33   -0.16681  -2.34923  -0.83863 
  34   -0.32722  -2.34923  -0.78997 
  35   -0.47504  -2.34923  -0.71095 
  36   -0.60462  -2.34923  -0.60462 
  37   -0.71095  -2.34923  -0.47504 
  38   -0.78997  -2.34923  -0.32722 
  39   -0.83863  -2.34923  -0.16681 
  40   -0.85506  -2.34923  -0.00000 
  41   -0.83863  -2.34923   0.16681 
  42   -0.78997  -2.34923   0.32721 
  43   -0.71095  -2.34923   0.47504 
  44   -0.60462  -2.34923   0.60461 
  45   -0.47505  -2.34923   0.71095 
  46   -0.32722  -2.34923   0.78997 
  47   -0.16682  -2.34923   0.83863 
  48   -0.00000  -2.34923   0.85506 
  49    0.16681  -2.34923   0.83863 
  50    0.32721  -2.34923   0.78997 
  51    0.47504  -2.34923   0.71095 
  52    0.60461  -2.34923   0.60462 
  53    0.71095  -2.34923   0.47505 
  54    0.78997  -2.34923   0.32722 
  55    0.83863  -2.34923   0.16682 
  56    0.85506  -2.34923   0.00000 
  57    0.83863  -2.34923  -0.16681 
  58    0.78997  -2.34923  -0.32721 
  59    0.71096  -2.34923  -0.47504 
  60    0.60462  -2.34923  -0.60461 
  61    0.47505  -2.34923  -0.71095 
  62    0.32722  -2.34923  -0.78997 
  63    0.16682  -2.34923  -0.83863 
  64   -0.00000  -1.53209  -1.28558 
  65   -0.25080  -1.53209  -1.26088 
  66   -0.49197  -1.53209  -1.18772 
  67   -0.71423  -1.53209  -1.06892 
  68   -0.90904  -1.53209  -0.90904 
  69   -1.06892  -1.53209  -0.71423 
  70   -1.18772  -1.53209  -0.49197 
  71   -1.26088  -1.53209  -0.25081 
  72   -1.28558  -1.53209  -0.00000 
  73   -1.26088  -1.53209   0.25080 
  74   -1.18772  -1.53209   0.49197 
  75   -1.06892  -1.53209   0.71423 
  76   -0.90904  -1.53209   0.90904 
  77   -0.71423  -1.53209   1.06892 
  78   -0.49197  -1.53209   1.18772 
  79   -0.25081  -1.53209   1.26088 
  80   -0.00000  -1.53209   1.28558 
  81    0.25080  -1.53209   1.26088 
  82    0.49197  -1.53209   1.18772 
  83    0.71423  -1.53209   1.06892 
  84    0.90904  -1.53209   0.90904 
  85    1.06892  -1.53209   0.71423 
  86    1.18772  -1.53209   0.49197 
  87    1.26088  -1.53209   0.25081 
  88    1.28558  -1.53209   0.00001 
  89    1.26088  -1.53209  -0.25080 
  90    1.18772  -1.53209  -0.49196 
  91    1.06892  -1.53209  -0.71422 
  92    0.90905  -1.53209  -0.90904 
  93    0.71423  -1.53209  -1.06892 
  94    0.49198  -1.53209  -1.18772 
  95    0.25081  -1.53209  -1.26088 
  96   -0.00000  -1.91511  -1.60697 
  97   -0.31350  -1.91511  -1.57610 
  98   -0.61496  -1.91511  -1.48465 
  99   -0.89279  -1.91511  -1.33615 
 100   -1.13630  -1.91511  -1.13630 
 101   -1.33615  -1.91511  -0.89279 
 102   -1.48465  -1.91511  -0.61496 
 103   -1.57610  -1.91511  -0.31351 
 104   -1.60697  -1.91511  -0.00000 
 105   -1.57610  -1.91511   0.31350 
 106   -1.48465  -1.91511   0.61496 
 107   -1.33615  -1.91511   0.89278 
 108   -1.13630  -1.91511   1.13630 
 109   -0.89279  -1.91511   1.33615 
 110   -0.61497  -1.91511   1.48465 
 111   -0.31351  -1.91511   1.57609 
 112   -0.00000  -1.91511   1.60697 
 113    0.31350  -1.91511   1.57610 
 114    0.61496  -1.91511   1.48465 
 115    0.89278  -1.91511   1.33615 
 116    1.13630  -1.91511   1.13631 
 117    1.33615  -1.91511   0.89279 
 118    1.48465  -1.91511   0.61497 
 119    1.57609  -1.91511   0.31351 
 120    1.60697  -1.91511   0.00001 
 121    1.57610  -1.91511  -0.31350 
 122    1.48465  -1.91511  -0.61496 
 123    1.33615  -1.91511  -0.89278 
 124    1.13631  -1.91511  -1.13630 
 125    0.89279  -1.91511  -1.33614 
 126    0.61497  -1.91511  -1.48465 
 127    0.31351  -1.91511  -1.57609 
 128   -0.00000  -1.00000  -1.73205 
 129   -0.33791  -1.00000  -1.69877 
 130   -0.66283  -1.00000  -1.60021 
 131   -0.96228  -1.00000  -1.44015 
 132   -1.22475  -1.00000  -1.22475 
 133   -1.44015  -1.00000  -0.96228 
 134   -1.60021  -1.00000  -0.66283 
 135   -1.69877  -1.00000  -0.33791 
 136   -1.73205  -1.00000  -0.00000 
 137   -1.69877  -1.00000   0.33790 
 138   -1.60021  -1.00000   0.66283 
 139   -1.44015  -1.00000   0.96227 
 140   -1.22475  -1.00000   1.22474 
 141   -0.96228  -1.00000   1.44015 
 142   -0.66283  -1.00000   1.60021 
 143   -0.33791  -1.00000   1.69877 
 144   -0.00000  -1.00000   1.73205 
 145    0.33790  -1.00000   1.69877 
 146    0.66282  -1.00000   1.60021 
 147    0.96227  -1.00000   1.44015 
 148    1.22474  -1.00000   1.22475 
 149    1.44015  -1.00000   0.96228 
 150    1.60021  -1.00000   0.66283 
 151    1.69877  -1.00000   0.33791 
 152    1.73205  -1.00000   0.00001 
 153    1.69877  -1.00000  -0.33790 
 154    1.60021  -1.00000  -0.66282 
 155    1.44015  -1.00000  -0.96227 
 156    1.22475  -1.00000  -1.22474 
 157    0.96228  -1.00000  -1.44014 
 158    0.66284  -1.00000  -1.60020 
 159    0.33792  -1.00000  -1.69877 
 160   -0.00000  -1.25000  -2.16507 
 161   -0.42238  -1.25000  -2.12346 
 162   -0.82853  -1.25000  -2.00026 
 163   -1.20285  -1.25000  -1.80019 
 164   -1.53093  -1.25000  -1.53093 
 165   -1.80019  -1.25000  -1.20285 
 166   -2.00026  -1.25000  -0.82854 
 167   -2.12346  -1.25000  -0.42239 
 168   -2.16507  -1.25000  -0.00000 
 169   -2.12347  -1.25000   0.42238 
 170   -2.00026  -1.25000   0.82853 
 171   -1.80019  -1.25000   1.20284 
 172   -1.53094  -1.25000   1.53093 
 173   -1.20285  -1.25000   1.80018 
 174   -0.82854  -1.25000   2.00026 
 175   -0.42239  -1.25000   2.12346 
 176   -0.00001  -1.25000   2.16507 
 177    0.42238  -1.25000   2.12347 
 178    0.82853  -1.25000   2.00026 
 179    1.20284  -1.25000   1.80019 
 180    1.53093  -1.25000   1.53094 
 181    1.80018  -1.25000   1.20285 
 182    2.00026  -1.25000   0.82854 
 183    2.12346  -1.25000   0.42239 
 184    2.16507  -1.25000   0.00001 
 185    2.12347  -1.25000  -0.42237 
 186    2.00026  -1.25000  -0.82853 
 187    1.80019  -1.25000  -1.20284 
 188    1.53094  -1.25000  -1.53093 
 189    1.20285  -1.25000  -1.80018 
 190    0.82854  -1.25000  -2.00026 
 191    0.42239  -1.25000  -2.12346 
 192   -0.00000  -0.34729  -1.96962 
 193   -0.38425  -0.34729  -1.93177 
 194   -0.75374  -0.34729  -1.81969 
 195   -1.09426  -0.34729  -1.63768 
 196   -1.39273  -0.34729  -1.39273 
 197   -1.63767  -0.34729  -1.09426 
 198   -1.81969  -0.34729  -0.75374 
 199   -1.93177  -0.34729  -0.38426 
 200   -1.96962  -0.34729  -0.00000 
 201   -1.93177  -0.34729   0.38425 
 202   -1.81969  -0.34729   0.75374 
 203   -1.63768  -0.34729   1.09426 
 204   -1.39273  -0.34729   1.39273 
 205   -1.09426  -0.34729   1.63767 
 206   -0.75374  -0.34729   1.81969 
 207   -0.38426  -0.34729   1.93177 
 208   -0.00001  -0.34729   1.96962 
 209    0.38425  -0.34729   1.93177 
 210    0.75373  -0.34729   1.81969 
 211    1.09425  -0.34729   1.63768 
 212    1.39272  -0.34729   1.39273 
 213    1.63767  -0.34729   1.09427 
 214    1.81969  -0.34729   0.75375 
 215    1.93177  -0.34729   0.38426 
 216    1.96962  -0.34729   0.00001 
 217    1.93177  -0.34729  -0.38425 
 218    1.81969  -0.34729  -0.75373 
 219    1.63768  -0.34729  -1.09425 
 220    1.39274  -0.34729  -1.39272 
 221    1.09427  -0.34729  -1.63767 
 222    0.75375  -0.34729  -1.81968 
 223    0.38426  -0.34729  -1.93177 
 224   -0.00000  -0.43412  -2.46202 
 225   -0.48032  -0.43412  -2.41471 
 226   -0.94217  -0.43412  -2.27461 
 227   -1.36782  -0.43412  -2.04710 
 228   -1.74091  -0.43412  -1.74091 
 229   -2.04709  -0.43412  -1.36783 
 230   -2.27461  -0.43412  -0.94218 
 231   -2.41471  -0.43412  -0.48032 
 232   -2.46202  -0.43412  -0.00000 
 233   -2.41471  -0.43412   0.48031 
 234   -2.27461  -0.43412   0.94217 
 235   -2.04710  -0.43412   1.36782 
 236   -1.74091  -0.43412   1.74091 
 237   -1.36783  -0.43412   2.04709 
 238   -0.94218  -0.43412   2.27461 
 239   -0.48032  -0.43412   2.41471 
 240   -0.00001  -0.43412   2.46202 
 241    0.48031  -0.43412   2.41471 
 242    0.94217  -0.43412   2.27461 
 243    1.36782  -0.43412   2.04710 
 244    1.74091  -0.43412   1.74092 
 245    2.04709  -0.43412   1.36783 
 246    2.27461  -0.43412   0.94218 
 247    2.41471  -0.43412   0.48033 
 248    2.46202  -0.43412   0.00001 
 249    2.41471  -0.43412  -0.48031 
 250    2.27461  -0.43412  -0.94216 
 251    2.04710  -0.43412  -1.36782 
 252    1.74092  -0.43412  -1.74090 
 253    1.36783  -0.43412  -2.04709 
 254    0.94219  -0.43412  -2.27461 
 255    0.48033  -0.43412  -2.41471 
 256   -0.00000   0.34730  -1.96962 
 257   -0.38425   0.34730  -1.93177 
 258   -0.75374   0.34730  -1.81969 
 259   -1.09426   0.34730  -1.63768 
 260   -1.39273   0.34730  -1.39273 
 261   -1.63767   0.34730  -1.09426 
 262   -1.81969   0.34730  -0.75374 
 263   -1.93177   0.34730  -0.38426 
 264   -1.96962   0.34730  -0.00000 
 265   -1.93177   0.34730   0.38425 
 266   -1.81969   0.34730   0.75374 
 267   -1.63768   0.34730   1.09426 
 268   -1.39273   0.34730   1.39273 
 269   -1.09426   0.34730   1.63767 
 270   -0.75374   0.34730   1.81969 
 271   -0.38426   0.34730   1.93177 
 272   -0.00001   0.34730   1.96962 
 273    0.38425   0.34730   1.93177 
 274    0.75373   0.34730   1.81969 
 275    1.09425   0.34730   1.63768 
 276    1.39272   0.34730   1.39273 
 277    1.63767   0.34730   1.09427 
 278    1.81968   0.34730   0.75375 
 279    1.93177   0.34730   0.38426 
 280    1.96962   0.34730   0.00001 
 281    1.93177   0.34730  -0.38424 
 282    1.81969   0.34730  -0.75373 
 283    1.63768   0.34730  -1.09425 
 284    1.39273   0.34730  -1.39272 
 285    1.09427   0.34730  -1.63767 
 286    0.75375   0.34730  -1.81968 
 287    0.38426   0.34730  -1.93177 
 288   -0.00000   0.43412  -2.46202 
 289   -0.48032   0.43412  -2.41471 
 290   -0.94217   0.43412  -2.27461 
 291   -1.36782   0.43412  -2.04709 
 292   -1.74091   0.43412  -1.74091 
 293   -2.04709   0.43412  -1.36783 
 294   -2.27461   0.43412  -0.94218 
 295   -2.41471   0.43412  -0.48032 
 296   -2.46202   0.43412  -0.00000 
 297   -2.41471   0.43412   0.48031 
 298   -2.27461   0.43412   0.94217 
 299   -2.04710   0.43412   1.36782 
 300   -1.74091   0.43412   1.74091 
 301   -1.36783   0.43412   2.04709 
 302   -0.94218   0.43412   2.27461 
 303   -0.48032   0.43412   2.41471 
 304   -0.00001   0.43412   2.46202 
 305    0.48031   0.43412   2.41471 
 306    0.94217   0.43412   2.27461 
 307    1.36782   0.43412   2.04710 
 308    1.74090   0.43412   1.74092 
 309    2.04709   0.43412   1.36783 
 310    2.27461   0.43412   0.94218 
 311    2.41471   0.43412   0.48033 
 312    2.46202   0.43412   0.00001 
 313    2.41471   0.43412  -0.48031 
 314    2.27461   0.43412  -0.94216 
 315    2.04710   0.43412  -1.36782 
 316    1.74092   0.43412  -1.74090 
 317    1.36783   0.43412  -2.04709 
 318    0.94219   0.43412  -2.27460 
 319    0.48033   0.43412  -2.41471 
 320   -0.00000   1.00000  -1.73205 
 321   -0.33791   1.00000  -1.69877 
 322   -0.66283   1.00000  -1.60021 
 323   -0.96227   1.00000  -1.44015 
 324   -1.22474   1.00000  -1.22475 
 325   -1.44015   1.00000  -0.96228 
 326   -1.60020   1.00000  -0.66283 
 327   -1.69877   1.00000  -0.33791 
 328   -1.73205   1.00000  -0.00000 
 329   -1.69877   1.00000   0.33790 
 330   -1.60021   1.00000   0.66282 
 331   -1.44015   1.00000   0.96227 
 332   -1.22475   1.00000   1.22474 
 333   -0.96228   1.00000   1.44014 
 334   -0.66283   1.00000   1.60020 
 335   -0.33791   1.00000   1.69877 
 336   -0.00000   1.00000   1.73205 
 337    0.33790   1.00000   1.69877 
 338    0.66282   1.00000   1.60021 
 339    0.96227   1.00000   1.44015 
 340    1.22474   1.00000   1.22475 
 341    1.44014   1.00000   0.96228 
 342    1.60020   1.00000   0.66283 
 343    1.69877   1.00000   0.33791 
 344    1.73205   1.00000   0.00001 
 345    1.69877   1.00000  -0.33790 
 346    1.60021   1.00000  -0.66282 
 347    1.44015   1.00000  -0.96227 
 348    1.22475   1.00000  -1.22474 
 349    0.96228   1.00000  -1.44014 
 350    0.66283   1.00000  -1.60020 
 351    0.33791   1.00000  -1.69877 
 352   -0.00000   1.25000  -2.16506 
 353   -0.42238   1.25000  -2.12346 
 354   -0.82853   1.25000  -2.00026 
 355   -1.20284   1.25000  -1.80018 
 356   -1.53093   1.25000  -1.53093 
 357   -1.80018   1.25000  -1.20285 
 358   -2.00026   1.25000  -0.82854 
 359   -2.12346   1.25000  -0.42239 
 360   -2.16506   1.25000  -0.00000 
 361   -2.12346   1.25000   0.42238 
 362   -2.00026   1.25000   0.82853 
 363   -1.80019   1.25000   1.20284 
 364   -1.53093   1.25000   1.53093 
 365   -1.20285   1.25000   1.80018 
 366   -0.82854   1.25000   2.00025 
 367   -0.42239   1.25000   2.12346 
 368   -0.00001   1.25000   2.16506 
 369    0.42238   1.25000   2.12346 
 370    0.82853   1.25000   2.00026 
 371    1.20284   1.25000   1.80019 
 372    1.53093   1.25000   1.53094 
 373    1.80018   1.25000   1.20285 
 374    2.00025   1.25000   0.82854 
 375    2.12346   1.25000   0.42239 
 376    2.16506   1.25000   0.00001 
 377    2.12346   1.25000  -0.42237 
 378    2.00026   1.25000  -0.82852 
 379    1.80019   1.25000  -1.20284 
 380    1.53094   1.25000  -1.53092 
 381    1.20285   1.25000  -1.80018 
 382    0.82854   1.25000  -2.00025 
 383    0.42239   1.25000  -2.12346 
 384   -0.00000   1.53209  -1.28557 
 385   -0.25080   1.53209  -1.26087 
 386   -0.49197   1.53209  -1.18772 
 387   -0.71423   1.53209  -1.06892 
 388   -0.90904   1.53209  -0.90904 
 389   -1.06892   1.53209  -0.71423 
 390   -1.18772   1.53209  -0.49197 
 391   -1.26087   1.53209  -0.25080 
 392   -1.28557   1.53209  -0.00000 
 393   -1.26087   1.53209   0.25080 
 394   -1.18772   1.53209   0.49197 
 395   -1.06892   1.53209   0.71422 
 396   -0.90904   1.53209   0.90904 
 397   -0.71423   1.53209   1.06891 
 398   -0.49197   1.53209   1.18771 
 399   -0.25081   1.53209   1.26087 
 400   -0.00000   1.53209   1.28557 
 401    0.25080   1.53209   1.26087 
 402    0.49196   1.53209   1.18772 
 403    0.71422   1.53209   1.06892 
 404    0.90904   1.53209   0.90904 
 405    1.06891   1.53209   0.71423 
 406    1.18771   1.53209   0.49197 
 407    1.26087   1.53209   0.25081 
 408    1.28557   1.53209   0.00001 
 409    1.26087   1.53209  -0.25080 
 410    1.18772   1.53209  -0.49196 
 411    1.06892   1.53209  -0.71422 
 412    0.90904   1.53209  -0.90903 
 413    0.71423   1.53209  -1.06891 
 414    0.49197   1.53209  -1.18771 
 415    0.25081   1.53209  -1.26087 
 416   -0.00000   1.91511  -1.60697 
 417   -0.31350   1.91511  -1.57609 
 418   -0.61496   1.91511  -1.48464 
 419   -0.89278   1.91511  -1.33615 
 420   -1.13630   1.91511  -1.13630 
 421   -1.33614   1.91511  -0.89278 
 422   -1.48464   1.91511  -0.61496 
 423   -1.57609   1.91511  -0.31351 
 424   -1.60697   1.91511  -0.00000 
 425   -1.57609   1.91511   0.31350 
 426   -1.48465   1.91511   0.61496 
 427   -1.33615   1.91511   0.89278 
 428   -1.13630   1.91511   1.13630 
 429   -0.89279   1.91511   1.33614 
 430   -0.61496   1.91511   1.48464 
 431   -0.31351   1.91511   1.57609 
 432   -0.00000   1.91511   1.60697 
 433    0.31350   1.91511   1.57609 
 434    0.61496   1.91511   1.48465 
 435    0.89278   1.91511   1.33615 
 436    1.13629   1.91511   1.13630 
 437    1.33614   1.91511   0.89279 
 438    1.48464   1.91511   0.61497 
 439    1.57609   1.91511   0.31351 
 440    1.60697   1.91511   0.00001 
 441    1.57609   1.91511  -0.31350 
 442    1.48465   1.91511  -0.61495 
 443    1.33615   1.91511  -0.89278 
 444    1.13630   1.91511  -1.13629 
 445    0.89279   1.91511  -1.33614 
 446    0.61497   1.91511  -1.48464 
 447    0.31351   1.91511  -1.57609 
 448   -0.00000   1.87939  -0.68404 
 449   -0.13345   1.87939  -0.67090 
 450   -0.26177   1.87939  -0.63197 
 451   -0.38003   1.87939  -0.56876 
 452   -0.48369   1.87939  -0.48369 
 453   -0.56876   1.87939  -0.38003 
 454   -0.63197   1.87939  -0.26177 
 455   -0.67090   1.87939  -0.13345 
 456   -0.68404   1.87939  -0.00000 
 457   -0.67090   1.87939   0.13345 
 458   -0.63197   1.87939   0.26177 
 459   -0.56876   1.87939   0.38003 
 460   -0.48369   1.87939   0.48369 
 461   -0.38003   1.87939   0.56876 
 462   -0.26177   1.87939   0.63197 
 463   -0.13345   1.87939   0.67090 
 464   -0.00000   1.87939   0.68404 
 465    0.13345   1.87939   0.67090 
 466    0.26177   1.87939   0.63197 
 467    0.38003   1.87939   0.56876 
 468    0.48369   1.87939   0.48369 
 469    0.56876   1.87939   0.38003 
 470    0.63197   1.87939   0.26177 
 471    0.67090   1.87939   0.13345 
 472    0.68404   1.87939   0.00000 
 473    0.67090   1.87939  -0.13345 
 474    0.63197   1.87939  -0.26177 
 475    0.56876   1.87939  -0.38003 
 476    0.48369   1.87939  -0.48369 
 477    0.38003   1.87939  -0.56876 
 478    0.26177   1.87939  -0.63197 
 479    0.13345   1.87939  -0.67090 
 480   -0.00000   2.34923  -0.85505 
 481   -0.16681   2.34923  -0.83862 
 482   -0.32721   2.34923  -0.78996 
 483   -0.47504   2.34923  -0.71095 
 484   -0.60461   2.34923  -0.60461 
 485   -0.71095   2.34923  -0.47504 
 486   -0.78996   2.34923  -0.32721 
 487   -0.83862   2.34923  -0.16681 
 488   -0.85505   2.34923  -0.00000 
 489   -0.83862   2.34923   0.16681 
 490   -0.78996   2.34923   0.32721 
 491   -0.71095   2.34923   0.47504 
 492   -0.60461   2.34923   0.60461 
 493   -0.47504   2.34923   0.71095 
 494   -0.32722   2.34923   0.78996 
 495   -0.16681   2.34923   0.83862 
 496   -0.00000   2.34923   0.85505 
 497    0.16681   2.34923   0.83862 
 498    0.32721   2.34923   0.78996 
 499    0.47504   2.34923   0.71095 
 500    0.60461   2.34923   0.60461 
 501    0.71095   2.34923   0.47504 
 502    0.78996   2.34923   0.32722 
 503    0.83862   2.34923   0.16682 
 504    0.85505   2.34923   0.00000 
 505    0.83862   2.34923  -0.16681 
 506    0.78996   2.34923  -0.32721 
 507    0.71095   2.34923  -0.47504 
 508    0.60461   2.34923  -0.60461 
 509    0.47504   2.34923  -0.71095 
 510    0.32722   2.34923  -0.78996 
 511    0.16682   2.34923  -0.83862 
prescribed displacement x: node  disp value
    317  0.0
    318  0.0
    319  0.0
    352  0.0
    353  0.0
    354  0.0
 -10
 prescribed displacement y: node  disp value
    317  0.0
    318  0.0
    319  0.0
    352  0.0
    353  0.0
    354  0.0
 -10
 prescribed displacement z: node  disp value
    317  0.0
    318  0.0
    319  0.0
    352  0.0
    353  0.0
    354  0.0
 -10
 node with point load and load vector in x,y,z
    238       0.0     0.0     -5000
    239       0.0     0.0     -5000
    240       0.0     0.0     -5000
    241       0.0     0.0     -5000
    242       0.0     0.0     -5000
    270       0.0     0.0     -5000
    271       0.0     0.0     -5000
    272       0.0     0.0     -5000
    273       0.0     0.0     -5000
    274       0.0     0.0     -5000
    302       0.0     0.0     -5000
    303       0.0     0.0     -5000
    304       0.0     0.0     -5000
    305       0.0     0.0     -5000
    306       0.0     0.0     -5000
 -10
node no. with stress and stress vector in xx,yy,zz,xy,zx,yz
 -10


How many levels you want(2-10) ?
8
What is the Radius ?
2.0
What is the Thickness ?
.5
What type of element is this for?
1) brick
2) shell
1

