   numel numnp nmat nmode  (This is for a brick "recognizer")
	126   168 1  0 
matl no., E modulus, Poisson Ratio, density
0   100000000.0000           0.2700        2770.0000
el no.,connectivity, matl no
   0         0         1         2         4         0
   1         1         5         2         4         0
   2         2         5         6         4         0
   3         0         2         3         4         0
   4         2         6         3         4         0
   5         3         6         7         4         0
   6         8         9        10        12         0
   7         9        13        10        12         0
   8        10        13        14        12         0
   9         8        10        11        12         0
  10        10        14        11        12         0
  11        11        14        15        12         0
  12        16        17        18        20         0
  13        17        21        18        20         0
  14        18        21        22        20         0
  15        16        18        19        20         0
  16        18        22        19        20         0
  17        19        22        23        20         0
  18        24        25        26        28         0
  19        25        29        26        28         0
  20        26        29        30        28         0
  21        24        26        27        28         0
  22        26        30        27        28         0
  23        27        30        31        28         0
  24        32        33        34        36         0
  25        33        37        34        36         0
  26        34        37        38        36         0
  27        32        34        35        36         0
  28        34        38        35        36         0
  29        35        38        39        36         0
  30        40        41        42        44         0
  31        41        45        42        44         0
  32        42        45        46        44         0
  33        40        42        43        44         0
  34        42        46        43        44         0
  35        43        46        47        44         0
  36        48        49        50        52         0
  37        49        53        50        52         0
  38        50        53        54        52         0
  39        48        50        51        52         0
  40        50        54        51        52         0
  41        51        54        55        52         0
  42        56        57        58        60         0
  43        57        61        58        60         0
  44        58        61        62        60         0
  45        56        58        59        60         0
  46        58        62        59        60         0
  47        59        62        63        60         0
  48        64        65        66        68         0
  49        65        69        66        68         0
  50        66        69        70        68         0
  51        64        66        67        68         0
  52        66        70        67        68         0
  53        67        70        71        68         0
  54        72        73        74        76         0
  55        73        77        74        76         0
  56        74        77        78        76         0
  57        72        74        75        76         0
  58        74        78        75        76         0
  59        75        78        79        76         0
  60        80        81        82        84         0
  61        81        85        82        84         0
  62        82        85        86        84         0
  63        80        82        83        84         0
  64        82        86        83        84         0
  65        83        86        87        84         0
  66        88        89        90        92         0
  67        89        93        90        92         0
  68        90        93        94        92         0
  69        88        90        91        92         0
  70        90        94        91        92         0
  71        91        94        95        92         0
  72        96        97        98       100         0
  73        97       101        98       100         0
  74        98       101       102       100         0
  75        96        98        99       100         0
  76        98       102        99       100         0
  77        99       102       103       100         0
  78       104       105       106       108         0
  79       105       109       106       108         0
  80       106       109       110       108         0
  81       104       106       107       108         0
  82       106       110       107       108         0
  83       107       110       111       108         0
  84       112       113       114       116         0
  85       113       117       114       116         0
  86       114       117       118       116         0
  87       112       114       115       116         0
  88       114       118       115       116         0
  89       115       118       119       116         0
  90       120       121       122       124         0
  91       121       125       122       124         0
  92       122       125       126       124         0
  93       120       122       123       124         0
  94       122       126       123       124         0
  95       123       126       127       124         0
  96       128       129       130       132         0
  97       129       133       130       132         0
  98       130       133       134       132         0
  99       128       130       131       132         0
 100       130       134       131       132         0
 101       131       134       135       132         0
 102       136       137       138       140         0
 103       137       141       138       140         0
 104       138       141       142       140         0
 105       136       138       139       140         0
 106       138       142       139       140         0
 107       139       142       143       140         0
 108       144       145       146       148         0
 109       145       149       146       148         0
 110       146       149       150       148         0
 111       144       146       147       148         0
 112       146       150       147       148         0
 113       147       150       151       148         0
 114       152       153       154       156         0
 115       153       157       154       156         0
 116       154       157       158       156         0
 117       152       154       155       156         0
 118       154       158       155       156         0
 119       155       158       159       156         0
 120       160       161       162       164         0
 121       161       165       162       164         0
 122       162       165       166       164         0
 123       160       162       163       164         0
 124       162       166       163       164         0
 125       163       166       167       164         0
node no. coordinates
 0  -1.175  0.000000   0.000000
 1  -0.925  0.000000   0.000000
 2  -0.925  0.000000  -0.250000
 3  -1.175  0.000000  -0.250000
 4  -1.175  1.250000   0.000000
 5  -0.925  1.250000   0.000000
 6  -0.925  1.250000  -0.250000
 7  -1.175  1.250000  -0.250000

 8  -0.925  0.000000   0.000000
 9  -0.525  0.000000   0.000000
10  -0.525  0.000000  -0.250000
11  -0.925  0.000000  -0.250000
12  -0.925  0.250000   0.000000
13  -0.923  0.250000   0.000000 
14  -0.923  0.250000  -0.250000
15  -0.925  0.250000  -0.250000

16   0.925  0.000000   0.000000
17   1.175  0.000000   0.000000
18   1.175  0.000000  -0.250000
19   0.925  0.000000  -0.250000
20   0.925  1.250000   0.000000
21   1.175  1.250000   0.000000
22   1.175  1.250000  -0.250000 
23   0.925  1.250000  -0.250000

24   0.525  0.000000   0.000000
25   0.925  0.000000   0.000000
26   0.925  0.000000  -0.250000
27   0.525  0.000000  -0.250000
28   0.923  0.250000   0.000000 
29   0.925  0.250000   0.000000
30   0.925  0.250000  -0.250000
31   0.923  0.250000  -0.250000

32  -1.175  1.300000   0.000000
33   1.175  1.300000   0.000000
34   1.175  1.300000  -0.250000
35  -1.175  1.300000  -0.250000
36  -1.175  1.350000   0.000000
37   1.175  1.350000   0.000000
38   1.175  1.350000  -0.250000
39  -1.175  1.350000  -0.250000

40  -0.175  1.375000  -0.025000
41   0.175  1.375000  -0.025000
42   0.175  1.375000  -0.225000
43  -0.175  1.375000  -0.225000
44  -0.200  1.425000   0.050000
45   0.200  1.425000   0.050000
46   0.200  1.425000  -0.300000
47  -0.200  1.425000  -0.300000

48  -0.175  1.575000   0.050000
49   0.175  1.575000   0.050000
50   0.175  1.575000  -0.300000
51  -0.175  1.575000  -0.300000
52  -0.275  1.675000   0.050000
53   0.275  1.675000   0.050000
54   0.275  1.675000  -0.300000
55  -0.275  1.675000  -0.300000

56  -0.175  1.225000  -0.025000
57   0.175  1.225000  -0.025000
58   0.175  1.225000  -0.225000
59  -0.175  1.225000  -0.225000
60  -0.200  1.275000   0.000000
61   0.200  1.275000   0.000000
62   0.200  1.275000  -0.250000
63  -0.200  1.275000  -0.250000

64  -1.175  1.400000   0.000000
65  -0.925  1.400000   0.000000
66  -0.925  1.400000  -0.250000
67  -1.175  1.400000  -0.250000
68  -1.175  1.650000   0.000000
69  -0.925  1.650000   0.000000
70  -0.925  1.650000  -0.250000
71  -1.175  1.650000  -0.250000

72   0.925  1.400000   0.000000
73   1.175  1.400000   0.000000
74   1.175  1.400000  -0.250000
75   0.925  1.400000  -0.250000
76   0.925  1.650000   0.000000
77   1.175  1.650000   0.000000
78   1.175  1.650000  -0.250000 
79   0.925  1.650000  -0.250000

80  -0.875  1.450000   0.000000
81  -0.675  1.450000   0.000000
82  -0.675  1.450000  -0.250000
83  -0.875  1.450000  -0.250000
84  -0.875  1.550000   0.000000
85  -0.675  1.550000   0.000000
86  -0.675  1.550000  -0.250000
87  -0.875  1.550000  -0.250000

88   0.675  1.450000   0.000000
89   0.875  1.450000   0.000000
90   0.875  1.450000  -0.250000
91   0.675  1.450000  -0.250000
92   0.675  1.550000   0.000000
93   0.875  1.550000   0.000000
94   0.875  1.550000  -0.250000 
95   0.675  1.550000  -0.250000

96  -1.225  1.700000   0.050000
97  -0.035  1.700000   0.050000
98  -0.035  1.700000  -0.300000
99  -1.225  1.700000  -0.300000
100 -1.225  1.750000   0.050000
101 -0.035  1.750000   0.050000
102 -0.035  1.750000  -0.300000
103 -1.225  1.750000  -0.300000

104  0.035  1.700000   0.050000
105  1.225  1.700000   0.050000
106  1.225  1.700000  -0.300000
107  0.035  1.700000  -0.300000
108  0.035  1.750000   0.050000
109  1.225  1.750000   0.050000
110  1.225  1.750000  -0.300000
111  0.035  1.750000  -0.300000

112 -0.475  1.450000   0.050000
113 -0.035  1.450000   0.050000
114 -0.035  1.450000  -0.300000
115 -0.475  1.450000  -0.300000
116 -0.475  1.550000   0.050000
117 -0.035  1.550000   0.050000
118 -0.035  1.550000  -0.300000
119 -0.475  1.550000  -0.300000

120  0.035  1.450000   0.050000
121  0.475  1.450000   0.050000
122  0.475  1.450000  -0.300000
123  0.035  1.450000  -0.300000
124  0.035  1.550000   0.050000
125  0.475  1.550000   0.050000
126  0.475  1.550000  -0.300000
127  0.035  1.550000  -0.300000

128 -0.475  1.450000   0.050000
129 -0.085  1.450000   0.050000
130 -0.085  1.450000  -0.300000
131 -0.475  1.450000  -0.300000
132 -0.725  1.700000   0.050000
133 -0.335  1.700000   0.050000
134 -0.335  1.700000  -0.300000
135 -0.725  1.700000  -0.300000

136  0.085  1.450000   0.050000
137  0.475  1.450000   0.050000
138  0.475  1.450000  -0.300000
139  0.085  1.450000  -0.300000
140  0.335  1.700000   0.050000
141  0.725  1.700000   0.050000
142  0.725  1.700000  -0.300000
143  0.335  1.700000  -0.300000

144 -0.475  1.800000   0.050000
145  0.475  1.800000   0.050000
146  0.475  1.800000  -0.300000
147 -0.475  1.800000  -0.300000
148 -0.075  1.975000  -0.125000
149  0.075  1.975000  -0.125000
150  0.075  1.975000  -0.225000
151 -0.075  1.975000  -0.225000

152 -0.105  1.850000   0.100000
153  0.105  1.850000   0.100000
154  0.105  1.850000  -0.250000
155 -0.105  1.850000  -0.250000
156 -0.075  1.975000  -0.075000
157  0.075  1.975000  -0.075000
158  0.075  1.975000  -0.175000
159 -0.075  1.975000  -0.175000

160 -0.075  1.975000  -0.075000
161  0.075  1.975000  -0.075000
162  0.075  1.975000  -0.175000
163 -0.075  1.975000  -0.175000
164 -0.075  2.000000  -0.075000
165  0.075  2.000000  -0.075000
166  0.075  2.000000  -0.175000
167 -0.075  2.000000  -0.175000

prescribed displacement x: node  disp value
 0   0.000000e+00
 3   0.000000e+00
 6   0.000000e+00
 7   0.000000e+00
    -10
prescribed displacement y: node  disp value
  0   0.000000e+00
  1   0.000000e+00
  2   0.000000e+00
  3   0.000000e+00
    -10
prescribed displacement z: node  disp value
  0   0.000000e+00
    -10
node with point load and load vector in x,y,z
-10
node no. with strain and stress vector in xx,yy,zz,xy,zx,yz
-10
