   numel numnp nmat  nmode  (This is for a brick "rubber")
120 84 1   -5
matl no., E modulus and Poisson Ratio, density
0    1000000 .27     7640.0000
el no., connectivity, matl no
   0         0         1         2         4         0
   1         1         5         2         4         0
   2         2         5         6         4         0
   3         0         2         3         4         0
   4         2         6         3         4         0
   5         3         6         7         4         0
   6         4         5         6         8         0
   7         5         9         6         8         0
   8         6         9        10         8         0
   9         4         6         7         8         0
  10         6        10         7         8         0
  11         7        10        11         8         0
  12         8         9        10        12         0
  13         9        13        10        12         0
  14        10        13        14        12         0
  15         8        10        11        12         0
  16        10        14        11        12         0
  17        11        14        15        12         0
  18        12        13        14        16         0
  19        13        17        14        16         0
  20        14        17        18        16         0
  21        12        14        15        16         0
  22        14        18        15        16         0
  23        15        18        19        16         0
  24        16        17        18        20         0
  25        17        21        18        20         0
  26        18        21        22        20         0
  27        16        18        19        20         0
  28        18        22        19        20         0
  29        19        22        23        20         0
  30        20        21        22        24         0
  31        21        25        22        24         0
  32        22        25        26        24         0
  33        20        22        23        24         0
  34        22        26        23        24         0
  35        23        26        27        24         0
  36        24        25        26        28         0
  37        25        29        26        28         0
  38        26        29        30        28         0
  39        24        26        27        28         0
  40        26        30        27        28         0
  41        27        30        31        28         0
  42        28        29        30        32         0
  43        29        33        30        32         0
  44        30        33        34        32         0
  45        28        30        31        32         0
  46        30        34        31        32         0
  47        31        34        35        32         0
  48        32        33        34        36         0
  49        33        37        34        36         0
  50        34        37        38        36         0
  51        32        34        35        36         0
  52        34        38        35        36         0
  53        35        38        39        36         0
  54        36        37        38        40         0
  55        37        41        38        40         0
  56        38        41        42        40         0
  57        36        38        39        40         0
  58        38        42        39        40         0
  59        39        42        43        40         0
  60        40        41        42        44         0
  61        41        45        42        44         0
  62        42        45        46        44         0
  63        40        42        43        44         0
  64        42        46        43        44         0
  65        43        46        47        44         0
  66        44        45        46        48         0
  67        45        49        46        48         0
  68        46        49        50        48         0
  69        44        46        47        48         0
  70        46        50        47        48         0
  71        47        50        51        48         0
  72        48        49        50        52         0
  73        49        53        50        52         0
  74        50        53        54        52         0
  75        48        50        51        52         0
  76        50        54        51        52         0
  77        51        54        55        52         0
  78        52        53        54        56         0
  79        53        57        54        56         0
  80        54        57        58        56         0
  81        52        54        55        56         0
  82        54        58        55        56         0
  83        55        58        59        56         0
  84        56        57        58        60         0
  85        57        61        58        60         0
  86        58        61        62        60         0
  87        56        58        59        60         0
  88        58        62        59        60         0
  89        59        62        63        60         0
  90        60        61        62        64         0
  91        61        65        62        64         0
  92        62        65        66        64         0
  93        60        62        63        64         0
  94        62        66        63        64         0
  95        63        66        67        64         0
  96        64        65        66        68         0
  97        65        69        66        68         0
  98        66        69        70        68         0
  99        64        66        67        68         0
 100        66        70        67        68         0
 101        67        70        71        68         0
 102        68        69        70        72         0
 103        69        73        70        72         0
 104        70        73        74        72         0
 105        68        70        71        72         0
 106        70        74        71        72         0
 107        71        74        75        72         0
 108        72        73        74        76         0
 109        73        77        74        76         0
 110        74        77        78        76         0
 111        72        74        75        76         0
 112        74        78        75        76         0
 113        75        78        79        76         0
 114        76        77        78        80         0
 115        77        81        78        80         0
 116        78        81        82        80         0
 117        76        78        79        80         0
 118        78        82        79        80         0
 119        79        82        83        80         0
node no., coordinates
   0   3.18000   0.00000   0.00000 
   1   3.18000   0.00000   0.50000 
   2   4.18000   0.00000   0.50000 
   3   4.18000   0.00000   0.00000 
   4   3.02436   0.98267   0.00000 
   5   3.02436   0.98267   0.50000 
   6   3.97542   1.29169   0.50000 
   7   3.97542   1.29169   0.00000 
   8   2.57267   1.86916   0.00000 
   9   2.57267   1.86916   0.50000 
  10   3.38169   2.45694   0.50000 
  11   3.38169   2.45694   0.00000 
  12   1.86916   2.57267   0.00000 
  13   1.86916   2.57267   0.50000 
  14   2.45694   3.38169   0.50000 
  15   2.45694   3.38169   0.00000 
  16   0.98267   3.02436   0.00000 
  17   0.98267   3.02436   0.50000 
  18   1.29169   3.97542   0.50000 
  19   1.29169   3.97542   0.00000 
  20  -0.00000   3.18000   0.00000 
  21  -0.00000   3.18000   0.50000 
  22  -0.00000   4.18000   0.50000 
  23  -0.00000   4.18000   0.00000 
  24  -0.98267   3.02436   0.00000 
  25  -0.98267   3.02436   0.50000 
  26  -1.29169   3.97542   0.50000 
  27  -1.29169   3.97542   0.00000 
  28  -1.86916   2.57267   0.00000 
  29  -1.86916   2.57267   0.50000 
  30  -2.45694   3.38169   0.50000 
  31  -2.45694   3.38169   0.00000 
  32  -2.57267   1.86916   0.00000 
  33  -2.57267   1.86916   0.50000 
  34  -3.38169   2.45694   0.50000 
  35  -3.38169   2.45694   0.00000 
  36  -3.02436   0.98267   0.00000 
  37  -3.02436   0.98267   0.50000 
  38  -3.97542   1.29169   0.50000 
  39  -3.97542   1.29169   0.00000 
  40  -3.18000   0.00000   0.00000 
  41  -3.18000   0.00000   0.50000 
  42  -4.18000   0.00000   0.50000 
  43  -4.18000   0.00000   0.00000 
  44  -3.02436  -0.98267   0.00000 
  45  -3.02436  -0.98267   0.50000 
  46  -3.97542  -1.29169   0.50000 
  47  -3.97542  -1.29169   0.00000 
  48  -2.57268  -1.86916   0.00000 
  49  -2.57268  -1.86916   0.50000 
  50  -3.38169  -2.45694   0.50000 
  51  -3.38169  -2.45694   0.00000 
  52  -1.86916  -2.57267   0.00000 
  53  -1.86916  -2.57267   0.50000 
  54  -2.45694  -3.38169   0.50000 
  55  -2.45694  -3.38169   0.00000 
  56  -0.98268  -3.02436   0.00000 
  57  -0.98268  -3.02436   0.50000 
  58  -1.29169  -3.97542   0.50000 
  59  -1.29169  -3.97542   0.00000 
  60  -0.00000  -3.18000   0.00000 
  61  -0.00000  -3.18000   0.50000 
  62  -0.00000  -4.18000   0.50000 
  63  -0.00000  -4.18000   0.00000 
  64   0.98267  -3.02436   0.00000 
  65   0.98267  -3.02436   0.50000 
  66   1.29169  -3.97542   0.50000 
  67   1.29169  -3.97542   0.00000 
  68   1.86916  -2.57267   0.00000 
  69   1.86916  -2.57267   0.50000 
  70   2.45694  -3.38169   0.50000 
  71   2.45694  -3.38169   0.00000 
  72   2.57267  -1.86916   0.00000 
  73   2.57267  -1.86916   0.50000 
  74   3.38169  -2.45694   0.50000 
  75   3.38169  -2.45694   0.00000 
  76   3.02436  -0.98267   0.00000 
  77   3.02436  -0.98267   0.50000 
  78   3.97542  -1.29169   0.50000 
  79   3.97542  -1.29169   0.00000 
  80   3.18000   0.00000   0.00000 
  81   3.18000   0.00000   0.50000 
  82   4.18000   0.00000   0.50000 
  83   4.18000   0.00000   0.00000 
prescribed displacement x: node  disp value
    0     0.0
    1     0.0
    2     0.0
    3     0.0
    80    0.0
    81    0.0
    82    0.0
    83    0.0
    -10
prescribed displacement y: node  disp value
    0     0.0
    1     0.0
    2     0.0
    3     0.0
    80    0.0
    81    0.0
    82    0.0
    83    0.0
    -10
prescribed displacement z: node  disp value
    0     0.0
    1     0.0
    2     0.0
    3     0.0
    80    0.0
    81    0.0
    82    0.0
    83    0.0
    -10
node with point load and load vector in x,y,z
40     -350.0 0.0 0.0
41     -350.0 0.0 0.0
   -10
node no. with stress and stress vector in xx,yy,zz,xy,zx,yz
-10

Generated from mesring.c

elements: 20
radius: 3.18
thickness: 0.50

I have recently changed the floats in meshballs to doubles so the mesh
is now slightly different in terms of nodal coordinates.

