   numel numnp nmat nmode This is for a 4 node tetrahedron
144 65 1 -5
matl no., E modulus, Poisson Ratio, and density
   0   3.000000e+06   2.900000e-01   2.770000e+03
el no., connectivity, matl no
     0         0         1         4         9         0
     1         1         2         4         9         0
     2         2         3         4         9         0
     3         3         0         4         9         0
     4         0        10         5         9         0
     5        10        11         5         9         0
     6        11         1         5         9         0
     7         1         0         5         9         0
     8         1        11         6         9         0
     9        11        12         6         9         0
    10        12         2         6         9         0
    11         2         1         6         9         0
    12         2        12         7         9         0
    13        12        13         7         9         0
    14        13         3         7         9         0
    15         3         2         7         9         0
    16         3        13         8         9         0
    17        13        10         8         9         0
    18        10         0         8         9         0
    19         0         3         8         9         0
    20        11        10        14         9         0
    21        10        13        14         9         0
    22        13        12        14         9         0
    23        12        11        14         9         0
    24        10        11        14        19         0
    25        11        12        14        19         0
    26        12        13        14        19         0
    27        13        10        14        19         0
    28        10        20        15        19         0
    29        20        21        15        19         0
    30        21        11        15        19         0
    31        11        10        15        19         0
    32        11        21        16        19         0
    33        21        22        16        19         0
    34        22        12        16        19         0
    35        12        11        16        19         0
    36        12        22        17        19         0
    37        22        23        17        19         0
    38        23        13        17        19         0
    39        13        12        17        19         0
    40        13        23        18        19         0
    41        23        20        18        19         0
    42        20        10        18        19         0
    43        10        13        18        19         0
    44        21        20        24        19         0
    45        20        23        24        19         0
    46        23        22        24        19         0
    47        22        21        24        19         0
    48        20        21        24        29         0
    49        21        22        24        29         0
    50        22        23        24        29         0
    51        23        20        24        29         0
    52        20        30        25        29         0
    53        30        31        25        29         0
    54        31        21        25        29         0
    55        21        20        25        29         0
    56        21        31        26        29         0
    57        31        32        26        29         0
    58        32        22        26        29         0
    59        22        21        26        29         0
    60        22        32        27        29         0
    61        32        33        27        29         0
    62        33        23        27        29         0
    63        23        22        27        29         0
    64        23        33        28        29         0
    65        33        30        28        29         0
    66        30        20        28        29         0
    67        20        23        28        29         0
    68        31        30        34        29         0
    69        30        33        34        29         0
    70        33        32        34        29         0
    71        32        31        34        29         0
    72        30        31        34        39         0
    73        31        32        34        39         0
    74        32        33        34        39         0
    75        33        30        34        39         0
    76        30        40        35        39         0
    77        40        41        35        39         0
    78        41        31        35        39         0
    79        31        30        35        39         0
    80        31        41        36        39         0
    81        41        42        36        39         0
    82        42        32        36        39         0
    83        32        31        36        39         0
    84        32        42        37        39         0
    85        42        43        37        39         0
    86        43        33        37        39         0
    87        33        32        37        39         0
    88        33        43        38        39         0
    89        43        40        38        39         0
    90        40        30        38        39         0
    91        30        33        38        39         0
    92        41        40        44        39         0
    93        40        43        44        39         0
    94        43        42        44        39         0
    95        42        41        44        39         0
    96        40        41        44        49         0
    97        41        42        44        49         0
    98        42        43        44        49         0
    99        43        40        44        49         0
   100        40        50        45        49         0
   101        50        51        45        49         0
   102        51        41        45        49         0
   103        41        40        45        49         0
   104        41        51        46        49         0
   105        51        52        46        49         0
   106        52        42        46        49         0
   107        42        41        46        49         0
   108        42        52        47        49         0
   109        52        53        47        49         0
   110        53        43        47        49         0
   111        43        42        47        49         0
   112        43        53        48        49         0
   113        53        50        48        49         0
   114        50        40        48        49         0
   115        40        43        48        49         0
   116        51        50        54        49         0
   117        50        53        54        49         0
   118        53        52        54        49         0
   119        52        51        54        49         0
   120        50        51        54        59         0
   121        51        52        54        59         0
   122        52        53        54        59         0
   123        53        50        54        59         0
   124        50        60        55        59         0
   125        60        61        55        59         0
   126        61        51        55        59         0
   127        51        50        55        59         0
   128        51        61        56        59         0
   129        61        62        56        59         0
   130        62        52        56        59         0
   131        52        51        56        59         0
   132        52        62        57        59         0
   133        62        63        57        59         0
   134        63        53        57        59         0
   135        53        52        57        59         0
   136        53        63        58        59         0
   137        63        60        58        59         0
   138        60        50        58        59         0
   139        50        53        58        59         0
   140        61        60        64        59         0
   141        60        63        64        59         0
   142        63        62        64        59         0
   143        62        61        64        59         0
node no., coordinates
    0    0.000000e+00    0.000000e+00    0.000000e+00
    1    0.000000e+00    0.000000e+00    1.000000e+00
    2    1.000000e+00    0.000000e+00    1.000000e+00
    3    1.000000e+00    0.000000e+00    0.000000e+00
    4    5.000000e-01    0.000000e+00    5.000000e-01
    5    0.000000e+00    5.000000e-01    5.000000e-01
    6    5.000000e-01    5.000000e-01    1.000000e+00
    7    1.000000e+00    5.000000e-01    5.000000e-01
    8    5.000000e-01    5.000000e-01    0.000000e+00
    9    5.000000e-01    5.000000e-01    5.000000e-01
   10    0.000000e+00    1.000000e+00    0.000000e+00
   11    0.000000e+00    1.000000e+00    1.000000e+00
   12    1.000000e+00    1.000000e+00    1.000000e+00
   13    1.000000e+00    1.000000e+00    0.000000e+00
   14    5.000000e-01    1.000000e+00    5.000000e-01
   15    0.000000e+00    1.500000e+00    5.000000e-01
   16    5.000000e-01    1.500000e+00    1.000000e+00
   17    1.000000e+00    1.500000e+00    5.000000e-01
   18    5.000000e-01    1.500000e+00    0.000000e+00
   19    5.000000e-01    1.500000e+00    5.000000e-01
   20    0.000000e+00    2.000000e+00    0.000000e+00
   21    0.000000e+00    2.000000e+00    1.000000e+00
   22    1.000000e+00    2.000000e+00    1.000000e+00
   23    1.000000e+00    2.000000e+00    0.000000e+00
   24    5.000000e-01    2.000000e+00    5.000000e-01
   25    0.000000e+00    2.500000e+00    5.000000e-01
   26    5.000000e-01    2.500000e+00    1.000000e+00
   27    1.000000e+00    2.500000e+00    5.000000e-01
   28    5.000000e-01    2.500000e+00    0.000000e+00
   29    5.000000e-01    2.500000e+00    5.000000e-01
   30    0.000000e+00    3.000000e+00    0.000000e+00
   31    0.000000e+00    3.000000e+00    1.000000e+00
   32    1.000000e+00    3.000000e+00    1.000000e+00
   33    1.000000e+00    3.000000e+00    0.000000e+00
   34    5.000000e-01    3.000000e+00    5.000000e-01
   35    0.000000e+00    3.500000e+00    5.000000e-01
   36    5.000000e-01    3.500000e+00    1.000000e+00
   37    1.000000e+00    3.500000e+00    5.000000e-01
   38    5.000000e-01    3.500000e+00    0.000000e+00
   39    5.000000e-01    3.500000e+00    5.000000e-01
   40    0.000000e+00    4.000000e+00    0.000000e+00
   41    0.000000e+00    4.000000e+00    1.000000e+00
   42    1.000000e+00    4.000000e+00    1.000000e+00
   43    1.000000e+00    4.000000e+00    0.000000e+00
   44    5.000000e-01    4.000000e+00    5.000000e-01
   45    0.000000e+00    4.500000e+00    5.000000e-01
   46    5.000000e-01    4.500000e+00    1.000000e+00
   47    1.000000e+00    4.500000e+00    5.000000e-01
   48    5.000000e-01    4.500000e+00    0.000000e+00
   49    5.000000e-01    4.500000e+00    5.000000e-01
   50    0.000000e+00    5.000000e+00    0.000000e+00
   51    0.000000e+00    5.000000e+00    1.000000e+00
   52    1.000000e+00    5.000000e+00    1.000000e+00
   53    1.000000e+00    5.000000e+00    0.000000e+00
   54    5.000000e-01    5.000000e+00    5.000000e-01
   55    0.000000e+00    5.500000e+00    5.000000e-01
   56    5.000000e-01    5.500000e+00    1.000000e+00
   57    1.000000e+00    5.500000e+00    5.000000e-01
   58    5.000000e-01    5.500000e+00    0.000000e+00
   59    5.000000e-01    5.500000e+00    5.000000e-01
   60    0.000000e+00    6.000000e+00    0.000000e+00
   61    0.000000e+00    6.000000e+00    1.000000e+00
   62    1.000000e+00    6.000000e+00    1.000000e+00
   63    1.000000e+00    6.000000e+00    0.000000e+00
   64    5.000000e-01    6.000000e+00    5.000000e-01
prescribed displacement x: node  disp value
  60      0.000000e+00
  61      0.000000e+00
 -10
 prescribed displacement y: node  disp value
  60      0.000000e+00
  61      0.000000e+00
  62      0.000000e+00
  63      0.000000e+00
  64      0.000000e+00
 -10
 prescribed displacement z: node  disp value
  60      0.000000e+00
  63      0.000000e+00
 -10
 node with point load and load vector in x,y,z
   0      0.000000e+00    -8.000000e+04     0.000000e+00
   1      0.000000e+00    -8.000000e+04     0.000000e+00
   2      0.000000e+00    -8.000000e+04     0.000000e+00
   3      0.000000e+00    -8.000000e+04     0.000000e+00
   4      0.000000e+00    -8.000000e+04     0.000000e+00
 -10
 node no. with stress and stress vector xx,yy,xy,zx,yz
 -10 
