   numel numnp nmat nmode  (This is for a brick "tensile")
36   28  1  -5
matl no., E modulus, Poisson Ratio, density
0    3000000.0   0.29  2770.0000
el no.,connectivity, matl no
   0         0         1         2         4         0
   1         1         5         2         4         0
   2         2         5         6         4         0
   3         0         2         3         4         0
   4         2         6         3         4         0
   5         3         6         7         4         0
   6         4         5         6         8         0
   7         5         9         6         8         0
   8         6         9        10         8         0
   9         4         6         7         8         0
  10         6        10         7         8         0
  11         7        10        11         8         0
  12         8         9        10        12         0
  13         9        13        10        12         0
  14        10        13        14        12         0
  15         8        10        11        12         0
  16        10        14        11        12         0
  17        11        14        15        12         0
  18        12        13        14        16         0
  19        13        17        14        16         0
  20        14        17        18        16         0
  21        12        14        15        16         0
  22        14        18        15        16         0
  23        15        18        19        16         0
  24        16        17        18        20         0
  25        17        21        18        20         0
  26        18        21        22        20         0
  27        16        18        19        20         0
  28        18        22        19        20         0
  29        19        22        23        20         0
  30        20        21        22        24         0
  31        21        25        22        24         0
  32        22        25        26        24         0
  33        20        22        23        24         0
  34        22        26        23        24         0
  35        23        26        27        24         0
node no. coordinates
0      0.0  0.0  0.0
1      0.0  0.0  1.0
2      1.0  0.0  1.0
3      1.0  0.0  0.0
4      0.0  1.0  0.0
5      0.0  1.0  1.0
6      1.0  1.0  1.0
7      1.0  1.0  0.0
8      0.0  2.0  0.0
9      0.0  2.0  1.0
10     1.0  2.0  1.0
11     1.0  2.0  0.0
12     0.0  3.0  0.0
13     0.0  3.0  1.0
14     1.0  3.0  1.0
15     1.0  3.0  0.0
16     0.0  4.0  0.0
17     0.0  4.0  1.0
18     1.0  4.0  1.0
19     1.0  4.0  0.0
20     0.0  5.0  0.0
21     0.0  5.0  1.0
22     1.0  5.0  1.0
23     1.0  5.0  0.0
24     0.0  6.0  0.0
25     0.0  6.0  1.0
26     1.0  6.0  1.0
27     1.0  6.0  0.0
prescribed displacement x: node  disp value
    24  0.0
    25  0.0
    -10
prescribed displacement y: node  disp value
    24  0.0
    25  0.0
    26  0.0
    27  0.0
    -10
prescribed displacement z: node  disp value
    24  0.0
    27  0.0
    -10
node with point load and load vector in x,y,z
 0   0.00   -100000.0000    0.00
 1   0.00   -100000.0000    0.00
 2   0.00   -100000.0000    0.00
 3   0.00   -100000.0000    0.00
-10
node no. with stress and stress vector in xx,yy,zz,xy,zx,yz
-10

