   numel numnp nmat numel_film disp_analysis thermal_analysis
440 990   1   240   1   1
matl no., thermal cond x, y, z, thermal expan x, y, z, film coeff, E modulus x, y, z, and Poisson Ratio xy, xz, xz
   0      1.6000e-01 1.6000e-01 1.6000e-01  2.3200e-05 2.3200e-05 2.3200e-05  2.0000e-04  73000.00 73000.00 73000.00  0.33 0.33 0.33
 el no.,connectivity, matl no
   0    0    1    6    5   90   91   96   95    0
   1    1    2    7    6   91   92   97   96    0
   2    2    3    8    7   92   93   98   97    0
   3    3    4    9    8   93   94   99   98    0
   4    5    6   16   10   95   96  106  100    0
   5   10   16   17   11  100  106  107  101    0
   6   11   17   18   12  101  107  108  102    0
   7   12   18   19   13  102  108  109  103    0
   8   13   19   20   14  103  109  110  104    0
   9   14   20   21   15  104  110  111  105    0
  10   15   21   23   22  105  111  113  112    0
  11   22   23   28   27  112  113  118  117    0
  12   23   24   29   28  113  114  119  118    0
  13   24   25   30   29  114  115  120  119    0
  14   25   26   31   30  115  116  121  120    0
  15   27   28   38   32  117  118  128  122    0
  16   32   38   39   33  122  128  129  123    0
  17   33   39   40   34  123  129  130  124    0
  18   34   40   41   35  124  130  131  125    0
  19   35   41   42   36  125  131  132  126    0
  20   36   42   43   37  126  132  133  127    0
  21   37   43   45   44  127  133  135  134    0
  22   44   45   50   49  134  135  140  139    0
  23   45   46   51   50  135  136  141  140    0
  24   46   47   52   51  136  137  142  141    0
  25   47   48   53   52  137  138  143  142    0
  26   49   50   60   54  139  140  150  144    0
  27   54   60   61   55  144  150  151  145    0
  28   55   61   62   56  145  151  152  146    0
  29   56   62   63   57  146  152  153  147    0
  30   57   63   64   58  147  153  154  148    0
  31   58   64   65   59  148  154  155  149    0
  32   59   65   67   66  149  155  157  156    0
  33   66   67   72   71  156  157  162  161    0
  34   67   68   73   72  157  158  163  162    0
  35   68   69   74   73  158  159  164  163    0
  36   69   70   75   74  159  160  165  164    0
  37   71   72   83   76  161  162  173  166    0
  38   76   83   84   77  166  173  174  167    0
  39   77   84   85   78  167  174  175  168    0
  40   78   85   86   79  168  175  176  169    0
  41   79   86   87   80  169  176  177  170    0
  42   80   87   88   81  170  177  178  171    0
  43   81   88   89   82  171  178  179  172    0
  44   90   91   96   95  180  181  186  185    0
  45   91   92   97   96  181  182  187  186    0
  46   92   93   98   97  182  183  188  187    0
  47   93   94   99   98  183  184  189  188    0
  48   95   96  106  100  185  186  196  190    0
  49  100  106  107  101  190  196  197  191    0
  50  101  107  108  102  191  197  198  192    0
  51  102  108  109  103  192  198  199  193    0
  52  103  109  110  104  193  199  200  194    0
  53  104  110  111  105  194  200  201  195    0
  54  105  111  113  112  195  201  203  202    0
  55  112  113  118  117  202  203  208  207    0
  56  113  114  119  118  203  204  209  208    0
  57  114  115  120  119  204  205  210  209    0
  58  115  116  121  120  205  206  211  210    0
  59  117  118  128  122  207  208  218  212    0
  60  122  128  129  123  212  218  219  213    0
  61  123  129  130  124  213  219  220  214    0
  62  124  130  131  125  214  220  221  215    0
  63  125  131  132  126  215  221  222  216    0
  64  126  132  133  127  216  222  223  217    0
  65  127  133  135  134  217  223  225  224    0
  66  134  135  140  139  224  225  230  229    0
  67  135  136  141  140  225  226  231  230    0
  68  136  137  142  141  226  227  232  231    0
  69  137  138  143  142  227  228  233  232    0
  70  139  140  150  144  229  230  240  234    0
  71  144  150  151  145  234  240  241  235    0
  72  145  151  152  146  235  241  242  236    0
  73  146  152  153  147  236  242  243  237    0
  74  147  153  154  148  237  243  244  238    0
  75  148  154  155  149  238  244  245  239    0
  76  149  155  157  156  239  245  247  246    0
  77  156  157  162  161  246  247  252  251    0
  78  157  158  163  162  247  248  253  252    0
  79  158  159  164  163  248  249  254  253    0
  80  159  160  165  164  249  250  255  254    0
  81  161  162  173  166  251  252  263  256    0
  82  166  173  174  167  256  263  264  257    0
  83  167  174  175  168  257  264  265  258    0
  84  168  175  176  169  258  265  266  259    0
  85  169  176  177  170  259  266  267  260    0
  86  170  177  178  171  260  267  268  261    0
  87  171  178  179  172  261  268  269  262    0
  88  180  181  186  185  270  271  276  275    0
  89  181  182  187  186  271  272  277  276    0
  90  182  183  188  187  272  273  278  277    0
  91  183  184  189  188  273  274  279  278    0
  92  185  186  196  190  275  276  286  280    0
  93  190  196  197  191  280  286  287  281    0
  94  191  197  198  192  281  287  288  282    0
  95  192  198  199  193  282  288  289  283    0
  96  193  199  200  194  283  289  290  284    0
  97  194  200  201  195  284  290  291  285    0
  98  195  201  203  202  285  291  293  292    0
  99  202  203  208  207  292  293  298  297    0
 100  203  204  209  208  293  294  299  298    0
 101  204  205  210  209  294  295  300  299    0
 102  205  206  211  210  295  296  301  300    0
 103  207  208  218  212  297  298  308  302    0
 104  212  218  219  213  302  308  309  303    0
 105  213  219  220  214  303  309  310  304    0
 106  214  220  221  215  304  310  311  305    0
 107  215  221  222  216  305  311  312  306    0
 108  216  222  223  217  306  312  313  307    0
 109  217  223  225  224  307  313  315  314    0
 110  224  225  230  229  314  315  320  319    0
 111  225  226  231  230  315  316  321  320    0
 112  226  227  232  231  316  317  322  321    0
 113  227  228  233  232  317  318  323  322    0
 114  229  230  240  234  319  320  330  324    0
 115  234  240  241  235  324  330  331  325    0
 116  235  241  242  236  325  331  332  326    0
 117  236  242  243  237  326  332  333  327    0
 118  237  243  244  238  327  333  334  328    0
 119  238  244  245  239  328  334  335  329    0
 120  239  245  247  246  329  335  337  336    0
 121  246  247  252  251  336  337  342  341    0
 122  247  248  253  252  337  338  343  342    0
 123  248  249  254  253  338  339  344  343    0
 124  249  250  255  254  339  340  345  344    0
 125  251  252  263  256  341  342  353  346    0
 126  256  263  264  257  346  353  354  347    0
 127  257  264  265  258  347  354  355  348    0
 128  258  265  266  259  348  355  356  349    0
 129  259  266  267  260  349  356  357  350    0
 130  260  267  268  261  350  357  358  351    0
 131  261  268  269  262  351  358  359  352    0
 132  270  271  276  275  360  361  366  365    0
 133  271  272  277  276  361  362  367  366    0
 134  272  273  278  277  362  363  368  367    0
 135  273  274  279  278  363  364  369  368    0
 136  275  276  286  280  365  366  376  370    0
 137  280  286  287  281  370  376  377  371    0
 138  281  287  288  282  371  377  378  372    0
 139  282  288  289  283  372  378  379  373    0
 140  283  289  290  284  373  379  380  374    0
 141  284  290  291  285  374  380  381  375    0
 142  285  291  293  292  375  381  383  382    0
 143  292  293  298  297  382  383  388  387    0
 144  293  294  299  298  383  384  389  388    0
 145  294  295  300  299  384  385  390  389    0
 146  295  296  301  300  385  386  391  390    0
 147  297  298  308  302  387  388  398  392    0
 148  302  308  309  303  392  398  399  393    0
 149  303  309  310  304  393  399  400  394    0
 150  304  310  311  305  394  400  401  395    0
 151  305  311  312  306  395  401  402  396    0
 152  306  312  313  307  396  402  403  397    0
 153  307  313  315  314  397  403  405  404    0
 154  314  315  320  319  404  405  410  409    0
 155  315  316  321  320  405  406  411  410    0
 156  316  317  322  321  406  407  412  411    0
 157  317  318  323  322  407  408  413  412    0
 158  319  320  330  324  409  410  420  414    0
 159  324  330  331  325  414  420  421  415    0
 160  325  331  332  326  415  421  422  416    0
 161  326  332  333  327  416  422  423  417    0
 162  327  333  334  328  417  423  424  418    0
 163  328  334  335  329  418  424  425  419    0
 164  329  335  337  336  419  425  427  426    0
 165  336  337  342  341  426  427  432  431    0
 166  337  338  343  342  427  428  433  432    0
 167  338  339  344  343  428  429  434  433    0
 168  339  340  345  344  429  430  435  434    0
 169  341  342  353  346  431  432  443  436    0
 170  346  353  354  347  436  443  444  437    0
 171  347  354  355  348  437  444  445  438    0
 172  348  355  356  349  438  445  446  439    0
 173  349  356  357  350  439  446  447  440    0
 174  350  357  358  351  440  447  448  441    0
 175  351  358  359  352  441  448  449  442    0
 176  360  361  366  365  450  451  456  455    0
 177  361  362  367  366  451  452  457  456    0
 178  362  363  368  367  452  453  458  457    0
 179  363  364  369  368  453  454  459  458    0
 180  365  366  376  370  455  456  466  460    0
 181  370  376  377  371  460  466  467  461    0
 182  371  377  378  372  461  467  468  462    0
 183  372  378  379  373  462  468  469  463    0
 184  373  379  380  374  463  469  470  464    0
 185  374  380  381  375  464  470  471  465    0
 186  375  381  383  382  465  471  473  472    0
 187  382  383  388  387  472  473  478  477    0
 188  383  384  389  388  473  474  479  478    0
 189  384  385  390  389  474  475  480  479    0
 190  385  386  391  390  475  476  481  480    0
 191  387  388  398  392  477  478  488  482    0
 192  392  398  399  393  482  488  489  483    0
 193  393  399  400  394  483  489  490  484    0
 194  394  400  401  395  484  490  491  485    0
 195  395  401  402  396  485  491  492  486    0
 196  396  402  403  397  486  492  493  487    0
 197  397  403  405  404  487  493  495  494    0
 198  404  405  410  409  494  495  500  499    0
 199  405  406  411  410  495  496  501  500    0
 200  406  407  412  411  496  497  502  501    0
 201  407  408  413  412  497  498  503  502    0
 202  409  410  420  414  499  500  510  504    0
 203  414  420  421  415  504  510  511  505    0
 204  415  421  422  416  505  511  512  506    0
 205  416  422  423  417  506  512  513  507    0
 206  417  423  424  418  507  513  514  508    0
 207  418  424  425  419  508  514  515  509    0
 208  419  425  427  426  509  515  517  516    0
 209  426  427  432  431  516  517  522  521    0
 210  427  428  433  432  517  518  523  522    0
 211  428  429  434  433  518  519  524  523    0
 212  429  430  435  434  519  520  525  524    0
 213  431  432  443  436  521  522  533  526    0
 214  436  443  444  437  526  533  534  527    0
 215  437  444  445  438  527  534  535  528    0
 216  438  445  446  439  528  535  536  529    0
 217  439  446  447  440  529  536  537  530    0
 218  440  447  448  441  530  537  538  531    0
 219  441  448  449  442  531  538  539  532    0
 220  450  451  456  455  540  541  546  545    0
 221  451  452  457  456  541  542  547  546    0
 222  452  453  458  457  542  543  548  547    0
 223  453  454  459  458  543  544  549  548    0
 224  455  456  466  460  545  546  556  550    0
 225  460  466  467  461  550  556  557  551    0
 226  461  467  468  462  551  557  558  552    0
 227  462  468  469  463  552  558  559  553    0
 228  463  469  470  464  553  559  560  554    0
 229  464  470  471  465  554  560  561  555    0
 230  465  471  473  472  555  561  563  562    0
 231  472  473  478  477  562  563  568  567    0
 232  473  474  479  478  563  564  569  568    0
 233  474  475  480  479  564  565  570  569    0
 234  475  476  481  480  565  566  571  570    0
 235  477  478  488  482  567  568  578  572    0
 236  482  488  489  483  572  578  579  573    0
 237  483  489  490  484  573  579  580  574    0
 238  484  490  491  485  574  580  581  575    0
 239  485  491  492  486  575  581  582  576    0
 240  486  492  493  487  576  582  583  577    0
 241  487  493  495  494  577  583  585  584    0
 242  494  495  500  499  584  585  590  589    0
 243  495  496  501  500  585  586  591  590    0
 244  496  497  502  501  586  587  592  591    0
 245  497  498  503  502  587  588  593  592    0
 246  499  500  510  504  589  590  600  594    0
 247  504  510  511  505  594  600  601  595    0
 248  505  511  512  506  595  601  602  596    0
 249  506  512  513  507  596  602  603  597    0
 250  507  513  514  508  597  603  604  598    0
 251  508  514  515  509  598  604  605  599    0
 252  509  515  517  516  599  605  607  606    0
 253  516  517  522  521  606  607  612  611    0
 254  517  518  523  522  607  608  613  612    0
 255  518  519  524  523  608  609  614  613    0
 256  519  520  525  524  609  610  615  614    0
 257  521  522  533  526  611  612  623  616    0
 258  526  533  534  527  616  623  624  617    0
 259  527  534  535  528  617  624  625  618    0
 260  528  535  536  529  618  625  626  619    0
 261  529  536  537  530  619  626  627  620    0
 262  530  537  538  531  620  627  628  621    0
 263  531  538  539  532  621  628  629  622    0
 264  540  541  546  545  630  631  636  635    0
 265  541  542  547  546  631  632  637  636    0
 266  542  543  548  547  632  633  638  637    0
 267  543  544  549  548  633  634  639  638    0
 268  545  546  556  550  635  636  646  640    0
 269  550  556  557  551  640  646  647  641    0
 270  551  557  558  552  641  647  648  642    0
 271  552  558  559  553  642  648  649  643    0
 272  553  559  560  554  643  649  650  644    0
 273  554  560  561  555  644  650  651  645    0
 274  555  561  563  562  645  651  653  652    0
 275  562  563  568  567  652  653  658  657    0
 276  563  564  569  568  653  654  659  658    0
 277  564  565  570  569  654  655  660  659    0
 278  565  566  571  570  655  656  661  660    0
 279  567  568  578  572  657  658  668  662    0
 280  572  578  579  573  662  668  669  663    0
 281  573  579  580  574  663  669  670  664    0
 282  574  580  581  575  664  670  671  665    0
 283  575  581  582  576  665  671  672  666    0
 284  576  582  583  577  666  672  673  667    0
 285  577  583  585  584  667  673  675  674    0
 286  584  585  590  589  674  675  680  679    0
 287  585  586  591  590  675  676  681  680    0
 288  586  587  592  591  676  677  682  681    0
 289  587  588  593  592  677  678  683  682    0
 290  589  590  600  594  679  680  690  684    0
 291  594  600  601  595  684  690  691  685    0
 292  595  601  602  596  685  691  692  686    0
 293  596  602  603  597  686  692  693  687    0
 294  597  603  604  598  687  693  694  688    0
 295  598  604  605  599  688  694  695  689    0
 296  599  605  607  606  689  695  697  696    0
 297  606  607  612  611  696  697  702  701    0
 298  607  608  613  612  697  698  703  702    0
 299  608  609  614  613  698  699  704  703    0
 300  609  610  615  614  699  700  705  704    0
 301  611  612  623  616  701  702  713  706    0
 302  616  623  624  617  706  713  714  707    0
 303  617  624  625  618  707  714  715  708    0
 304  618  625  626  619  708  715  716  709    0
 305  619  626  627  620  709  716  717  710    0
 306  620  627  628  621  710  717  718  711    0
 307  621  628  629  622  711  718  719  712    0
 308  630  631  636  635  720  721  726  725    0
 309  631  632  637  636  721  722  727  726    0
 310  632  633  638  637  722  723  728  727    0
 311  633  634  639  638  723  724  729  728    0
 312  635  636  646  640  725  726  736  730    0
 313  640  646  647  641  730  736  737  731    0
 314  641  647  648  642  731  737  738  732    0
 315  642  648  649  643  732  738  739  733    0
 316  643  649  650  644  733  739  740  734    0
 317  644  650  651  645  734  740  741  735    0
 318  645  651  653  652  735  741  743  742    0
 319  652  653  658  657  742  743  748  747    0
 320  653  654  659  658  743  744  749  748    0
 321  654  655  660  659  744  745  750  749    0
 322  655  656  661  660  745  746  751  750    0
 323  657  658  668  662  747  748  758  752    0
 324  662  668  669  663  752  758  759  753    0
 325  663  669  670  664  753  759  760  754    0
 326  664  670  671  665  754  760  761  755    0
 327  665  671  672  666  755  761  762  756    0
 328  666  672  673  667  756  762  763  757    0
 329  667  673  675  674  757  763  765  764    0
 330  674  675  680  679  764  765  770  769    0
 331  675  676  681  680  765  766  771  770    0
 332  676  677  682  681  766  767  772  771    0
 333  677  678  683  682  767  768  773  772    0
 334  679  680  690  684  769  770  780  774    0
 335  684  690  691  685  774  780  781  775    0
 336  685  691  692  686  775  781  782  776    0
 337  686  692  693  687  776  782  783  777    0
 338  687  693  694  688  777  783  784  778    0
 339  688  694  695  689  778  784  785  779    0
 340  689  695  697  696  779  785  787  786    0
 341  696  697  702  701  786  787  792  791    0
 342  697  698  703  702  787  788  793  792    0
 343  698  699  704  703  788  789  794  793    0
 344  699  700  705  704  789  790  795  794    0
 345  701  702  713  706  791  792  803  796    0
 346  706  713  714  707  796  803  804  797    0
 347  707  714  715  708  797  804  805  798    0
 348  708  715  716  709  798  805  806  799    0
 349  709  716  717  710  799  806  807  800    0
 350  710  717  718  711  800  807  808  801    0
 351  711  718  719  712  801  808  809  802    0
 352  720  721  726  725  810  811  816  815    0
 353  721  722  727  726  811  812  817  816    0
 354  722  723  728  727  812  813  818  817    0
 355  723  724  729  728  813  814  819  818    0
 356  725  726  736  730  815  816  826  820    0
 357  730  736  737  731  820  826  827  821    0
 358  731  737  738  732  821  827  828  822    0
 359  732  738  739  733  822  828  829  823    0
 360  733  739  740  734  823  829  830  824    0
 361  734  740  741  735  824  830  831  825    0
 362  735  741  743  742  825  831  833  832    0
 363  742  743  748  747  832  833  838  837    0
 364  743  744  749  748  833  834  839  838    0
 365  744  745  750  749  834  835  840  839    0
 366  745  746  751  750  835  836  841  840    0
 367  747  748  758  752  837  838  848  842    0
 368  752  758  759  753  842  848  849  843    0
 369  753  759  760  754  843  849  850  844    0
 370  754  760  761  755  844  850  851  845    0
 371  755  761  762  756  845  851  852  846    0
 372  756  762  763  757  846  852  853  847    0
 373  757  763  765  764  847  853  855  854    0
 374  764  765  770  769  854  855  860  859    0
 375  765  766  771  770  855  856  861  860    0
 376  766  767  772  771  856  857  862  861    0
 377  767  768  773  772  857  858  863  862    0
 378  769  770  780  774  859  860  870  864    0
 379  774  780  781  775  864  870  871  865    0
 380  775  781  782  776  865  871  872  866    0
 381  776  782  783  777  866  872  873  867    0
 382  777  783  784  778  867  873  874  868    0
 383  778  784  785  779  868  874  875  869    0
 384  779  785  787  786  869  875  877  876    0
 385  786  787  792  791  876  877  882  881    0
 386  787  788  793  792  877  878  883  882    0
 387  788  789  794  793  878  879  884  883    0
 388  789  790  795  794  879  880  885  884    0
 389  791  792  803  796  881  882  893  886    0
 390  796  803  804  797  886  893  894  887    0
 391  797  804  805  798  887  894  895  888    0
 392  798  805  806  799  888  895  896  889    0
 393  799  806  807  800  889  896  897  890    0
 394  800  807  808  801  890  897  898  891    0
 395  801  808  809  802  891  898  899  892    0
 396  810  811  816  815  900  901  906  905    0
 397  811  812  817  816  901  902  907  906    0
 398  812  813  818  817  902  903  908  907    0
 399  813  814  819  818  903  904  909  908    0
 400  815  816  826  820  905  906  916  910    0
 401  820  826  827  821  910  916  917  911    0
 402  821  827  828  822  911  917  918  912    0
 403  822  828  829  823  912  918  919  913    0
 404  823  829  830  824  913  919  920  914    0
 405  824  830  831  825  914  920  921  915    0
 406  825  831  833  832  915  921  923  922    0
 407  832  833  838  837  922  923  928  927    0
 408  833  834  839  838  923  924  929  928    0
 409  834  835  840  839  924  925  930  929    0
 410  835  836  841  840  925  926  931  930    0
 411  837  838  848  842  927  928  938  932    0
 412  842  848  849  843  932  938  939  933    0
 413  843  849  850  844  933  939  940  934    0
 414  844  850  851  845  934  940  941  935    0
 415  845  851  852  846  935  941  942  936    0
 416  846  852  853  847  936  942  943  937    0
 417  847  853  855  854  937  943  945  944    0
 418  854  855  860  859  944  945  950  949    0
 419  855  856  861  860  945  946  951  950    0
 420  856  857  862  861  946  947  952  951    0
 421  857  858  863  862  947  948  953  952    0
 422  859  860  870  864  949  950  960  954    0
 423  864  870  871  865  954  960  961  955    0
 424  865  871  872  866  955  961  962  956    0
 425  866  872  873  867  956  962  963  957    0
 426  867  873  874  868  957  963  964  958    0
 427  868  874  875  869  958  964  965  959    0
 428  869  875  877  876  959  965  967  966    0
 429  876  877  882  881  966  967  972  971    0
 430  877  878  883  882  967  968  973  972    0
 431  878  879  884  883  968  969  974  973    0
 432  879  880  885  884  969  970  975  974    0
 433  881  882  893  886  971  972  983  976    0
 434  886  893  894  887  976  983  984  977    0
 435  887  894  895  888  977  984  985  978    0
 436  888  895  896  889  978  985  986  979    0
 437  889  896  897  890  979  986  987  980    0
 438  890  897  898  891  980  987  988  981    0
 439  891  898  899  892  981  988  989  982    0
connectivity for convection surfaces: surface number  connectivity, matl no
   0    1    2   92   91    0
   1    6   96   97    7    0
   2    2    3   93   92    0
   3    7   97   98    8    0
   4    3    4   94   93    0
   5    8   98   99    9    0
   6   23   24  114  113    0
   7   28  118  119   29    0
   8   24   25  115  114    0
   9   29  119  120   30    0
  10   25   26  116  115    0
  11   30  120  121   31    0
  12   45   46  136  135    0
  13   50  140  141   51    0
  14   46   47  137  136    0
  15   51  141  142   52    0
  16   47   48  138  137    0
  17   52  142  143   53    0
  18   67   68  158  157    0
  19   72  162  163   73    0
  20   68   69  159  158    0
  21   73  163  164   74    0
  22   69   70  160  159    0
  23   74  164  165   75    0
  24   91   92  182  181    0
  25   96  186  187   97    0
  26   92   93  183  182    0
  27   97  187  188   98    0
  28   93   94  184  183    0
  29   98  188  189   99    0
  30  113  114  204  203    0
  31  118  208  209  119    0
  32  114  115  205  204    0
  33  119  209  210  120    0
  34  115  116  206  205    0
  35  120  210  211  121    0
  36  135  136  226  225    0
  37  140  230  231  141    0
  38  136  137  227  226    0
  39  141  231  232  142    0
  40  137  138  228  227    0
  41  142  232  233  143    0
  42  157  158  248  247    0
  43  162  252  253  163    0
  44  158  159  249  248    0
  45  163  253  254  164    0
  46  159  160  250  249    0
  47  164  254  255  165    0
  48  181  182  272  271    0
  49  186  276  277  187    0
  50  182  183  273  272    0
  51  187  277  278  188    0
  52  183  184  274  273    0
  53  188  278  279  189    0
  54  203  204  294  293    0
  55  208  298  299  209    0
  56  204  205  295  294    0
  57  209  299  300  210    0
  58  205  206  296  295    0
  59  210  300  301  211    0
  60  225  226  316  315    0
  61  230  320  321  231    0
  62  226  227  317  316    0
  63  231  321  322  232    0
  64  227  228  318  317    0
  65  232  322  323  233    0
  66  247  248  338  337    0
  67  252  342  343  253    0
  68  248  249  339  338    0
  69  253  343  344  254    0
  70  249  250  340  339    0
  71  254  344  345  255    0
  72  271  272  362  361    0
  73  276  366  367  277    0
  74  272  273  363  362    0
  75  277  367  368  278    0
  76  273  274  364  363    0
  77  278  368  369  279    0
  78  293  294  384  383    0
  79  298  388  389  299    0
  80  294  295  385  384    0
  81  299  389  390  300    0
  82  295  296  386  385    0
  83  300  390  391  301    0
  84  315  316  406  405    0
  85  320  410  411  321    0
  86  316  317  407  406    0
  87  321  411  412  322    0
  88  317  318  408  407    0
  89  322  412  413  323    0
  90  337  338  428  427    0
  91  342  432  433  343    0
  92  338  339  429  428    0
  93  343  433  434  344    0
  94  339  340  430  429    0
  95  344  434  435  345    0
  96  361  362  452  451    0
  97  366  456  457  367    0
  98  362  363  453  452    0
  99  367  457  458  368    0
 100  363  364  454  453    0
 101  368  458  459  369    0
 102  383  384  474  473    0
 103  388  478  479  389    0
 104  384  385  475  474    0
 105  389  479  480  390    0
 106  385  386  476  475    0
 107  390  480  481  391    0
 108  405  406  496  495    0
 109  410  500  501  411    0
 110  406  407  497  496    0
 111  411  501  502  412    0
 112  407  408  498  497    0
 113  412  502  503  413    0
 114  427  428  518  517    0
 115  432  522  523  433    0
 116  428  429  519  518    0
 117  433  523  524  434    0
 118  429  430  520  519    0
 119  434  524  525  435    0
 120  451  452  542  541    0
 121  456  546  547  457    0
 122  452  453  543  542    0
 123  457  547  548  458    0
 124  453  454  544  543    0
 125  458  548  549  459    0
 126  473  474  564  563    0
 127  478  568  569  479    0
 128  474  475  565  564    0
 129  479  569  570  480    0
 130  475  476  566  565    0
 131  480  570  571  481    0
 132  495  496  586  585    0
 133  500  590  591  501    0
 134  496  497  587  586    0
 135  501  591  592  502    0
 136  497  498  588  587    0
 137  502  592  593  503    0
 138  517  518  608  607    0
 139  522  612  613  523    0
 140  518  519  609  608    0
 141  523  613  614  524    0
 142  519  520  610  609    0
 143  524  614  615  525    0
 144  541  542  632  631    0
 145  546  636  637  547    0
 146  542  543  633  632    0
 147  547  637  638  548    0
 148  543  544  634  633    0
 149  548  638  639  549    0
 150  563  564  654  653    0
 151  568  658  659  569    0
 152  564  565  655  654    0
 153  569  659  660  570    0
 154  565  566  656  655    0
 155  570  660  661  571    0
 156  585  586  676  675    0
 157  590  680  681  591    0
 158  586  587  677  676    0
 159  591  681  682  592    0
 160  587  588  678  677    0
 161  592  682  683  593    0
 162  607  608  698  697    0
 163  612  702  703  613    0
 164  608  609  699  698    0
 165  613  703  704  614    0
 166  609  610  700  699    0
 167  614  704  705  615    0
 168  631  632  722  721    0
 169  636  726  727  637    0
 170  632  633  723  722    0
 171  637  727  728  638    0
 172  633  634  724  723    0
 173  638  728  729  639    0
 174  653  654  744  743    0
 175  658  748  749  659    0
 176  654  655  745  744    0
 177  659  749  750  660    0
 178  655  656  746  745    0
 179  660  750  751  661    0
 180  675  676  766  765    0
 181  680  770  771  681    0
 182  676  677  767  766    0
 183  681  771  772  682    0
 184  677  678  768  767    0
 185  682  772  773  683    0
 186  697  698  788  787    0
 187  702  792  793  703    0
 188  698  699  789  788    0
 189  703  793  794  704    0
 190  699  700  790  789    0
 191  704  794  795  705    0
 192  721  722  812  811    0
 193  726  816  817  727    0
 194  722  723  813  812    0
 195  727  817  818  728    0
 196  723  724  814  813    0
 197  728  818  819  729    0
 198  743  744  834  833    0
 199  748  838  839  749    0
 200  744  745  835  834    0
 201  749  839  840  750    0
 202  745  746  836  835    0
 203  750  840  841  751    0
 204  765  766  856  855    0
 205  770  860  861  771    0
 206  766  767  857  856    0
 207  771  861  862  772    0
 208  767  768  858  857    0
 209  772  862  863  773    0
 210  787  788  878  877    0
 211  792  882  883  793    0
 212  788  789  879  878    0
 213  793  883  884  794    0
 214  789  790  880  879    0
 215  794  884  885  795    0
 216  811  812  902  901    0
 217  816  906  907  817    0
 218  812  813  903  902    0
 219  817  907  908  818    0
 220  813  814  904  903    0
 221  818  908  909  819    0
 222  833  834  924  923    0
 223  838  928  929  839    0
 224  834  835  925  924    0
 225  839  929  930  840    0
 226  835  836  926  925    0
 227  840  930  931  841    0
 228  855  856  946  945    0
 229  860  950  951  861    0
 230  856  857  947  946    0
 231  861  951  952  862    0
 232  857  858  948  947    0
 233  862  952  953  863    0
 234  877  878  968  967    0
 235  882  972  973  883    0
 236  878  879  969  968    0
 237  883  973  974  884    0
 238  879  880  970  969    0
 239  884  974  975  885    0
node no. coordinates
   0  -0.10000   0.00000  10.00000 
   1  -0.10000   0.00000  11.00000 
   2  -0.10000   0.00000  12.00000 
   3  -0.10000   0.00000  13.00000 
   4  -0.10000   0.00000  14.00000 
   5   0.29997   0.00000   9.99600 
   6   0.31997   0.00000  10.99580 
   7   0.33996   0.00000  11.99560 
   8   0.35996   0.00000  12.99540 
   9   0.37996   0.00000  13.99520 
  10   0.73177   0.00000   9.97319 
  11   1.26148   0.00000   9.92011 
  12   1.78762   0.00000   9.83892 
  13   2.30869   0.00000   9.72985 
  14   2.82322   0.00000   9.59320 
  15   3.32975   0.00000   9.42936 
  16   0.78300   0.00000  10.67131 
  17   1.34979   0.00000  10.61452 
  18   1.91275   0.00000  10.52765 
  19   2.47030   0.00000  10.41094 
  20   3.02084   0.00000  10.26472 
  21   3.56283   0.00000  10.08941 
  22   3.73445   0.00000   9.27706 
  23   4.11713   0.00000  10.20094 
  24   4.49981   0.00000  11.12482 
  25   4.88250   0.00000  12.04870 
  26   5.26518   0.00000  12.97258 
  27   4.10244   0.00000   9.12031 
  28   4.50352   0.00000  10.03635 
  29   4.90460   0.00000  10.95239 
  30   5.30569   0.00000  11.86843 
  31   5.70677   0.00000  12.78447 
  32   4.49264   0.00000   8.93399 
  33   4.96172   0.00000   8.68224 
  34   5.41674   0.00000   8.40589 
  35   5.85640   0.00000   8.10571 
  36   6.27947   0.00000   7.78256 
  37   6.68474   0.00000   7.43735 
  38   4.80713   0.00000   9.55937 
  39   5.30904   0.00000   9.29000 
  40   5.79591   0.00000   8.99430 
  41   6.26635   0.00000   8.67311 
  42   6.71904   0.00000   8.32734 
  43   7.15267   0.00000   7.95797 
  44   7.00036   0.00000   7.14178 
  45   7.70746   0.00000   7.84889 
  46   8.41457   0.00000   8.55599 
  47   9.12168   0.00000   9.26310 
  48   9.82878   0.00000   9.97021 
  49   7.28035   0.00000   6.85613 
  50   8.00145   0.00000   7.54896 
  51   8.72256   0.00000   8.24178 
  52   9.44367   0.00000   8.93460 
  53  10.16477   0.00000   9.62743 
  54   7.56955   0.00000   6.53467 
  55   7.90658   0.00000   6.12258 
  56   8.22121   0.00000   5.69313 
  57   8.51253   0.00000   5.24755 
  58   8.77973   0.00000   4.78710 
  59   9.02205   0.00000   4.31308 
  60   8.09942   0.00000   6.99210 
  61   8.46004   0.00000   6.55116 
  62   8.79669   0.00000   6.09165 
  63   9.10841   0.00000   5.61488 
  64   9.39431   0.00000   5.12219 
  65   9.65359   0.00000   4.61499 
  66   9.20053   0.00000   3.91922 
  67  10.12441   0.00000   4.30191 
  68  11.04829   0.00000   4.68459 
  69  11.97217   0.00000   5.06727 
  70  12.89605   0.00000   5.44996 
  71   9.34989   0.00000   3.54817 
  72  10.28124   0.00000   3.91230 
  73  11.21259   0.00000   4.27643 
  74  12.14394   0.00000   4.64056 
  75  13.07528   0.00000   5.00469 
  76   9.49406   0.00000   3.14050 
  77   9.64774   0.00000   2.63080 
  78   9.77407   0.00000   2.11365 
  79   9.87271   0.00000   1.59050 
  80   9.94336   0.00000   1.06284 
  81   9.98583   0.00000   0.53218 
  82  10.00000   0.00000  -0.00000 
  83  10.15865   0.00000   3.36034 
  84  10.32308   0.00000   2.81496 
  85  10.45826   0.00000   2.26160 
  86  10.56379   0.00000   1.70183 
  87  10.63939   0.00000   1.13724 
  88  10.68484   0.00000   0.56943 
  89  10.70000   0.00000  -0.00000 
  90  -0.10000   0.35714  10.00000 
  91  -0.10000   0.35714  11.00000 
  92  -0.10000   0.35714  12.00000 
  93  -0.10000   0.35714  13.00000 
  94  -0.10000   0.35714  14.00000 
  95   0.29997   0.35714   9.99600 
  96   0.31997   0.35714  10.99580 
  97   0.33996   0.35714  11.99560 
  98   0.35996   0.35714  12.99540 
  99   0.37996   0.35714  13.99520 
 100   0.73177   0.35714   9.97319 
 101   1.26148   0.35714   9.92011 
 102   1.78762   0.35714   9.83892 
 103   2.30869   0.35714   9.72985 
 104   2.82322   0.35714   9.59320 
 105   3.32975   0.35714   9.42936 
 106   0.78300   0.35714  10.67131 
 107   1.34979   0.35714  10.61452 
 108   1.91275   0.35714  10.52765 
 109   2.47030   0.35714  10.41094 
 110   3.02084   0.35714  10.26472 
 111   3.56283   0.35714  10.08941 
 112   3.73445   0.35714   9.27706 
 113   4.11713   0.35714  10.20094 
 114   4.49981   0.35714  11.12482 
 115   4.88250   0.35714  12.04870 
 116   5.26518   0.35714  12.97258 
 117   4.10244   0.35714   9.12031 
 118   4.50352   0.35714  10.03635 
 119   4.90460   0.35714  10.95239 
 120   5.30569   0.35714  11.86843 
 121   5.70677   0.35714  12.78447 
 122   4.49264   0.35714   8.93399 
 123   4.96172   0.35714   8.68224 
 124   5.41674   0.35714   8.40589 
 125   5.85640   0.35714   8.10571 
 126   6.27947   0.35714   7.78256 
 127   6.68474   0.35714   7.43735 
 128   4.80713   0.35714   9.55937 
 129   5.30904   0.35714   9.29000 
 130   5.79591   0.35714   8.99430 
 131   6.26635   0.35714   8.67311 
 132   6.71904   0.35714   8.32734 
 133   7.15267   0.35714   7.95797 
 134   7.00036   0.35714   7.14178 
 135   7.70746   0.35714   7.84889 
 136   8.41457   0.35714   8.55599 
 137   9.12168   0.35714   9.26310 
 138   9.82878   0.35714   9.97021 
 139   7.28035   0.35714   6.85613 
 140   8.00145   0.35714   7.54896 
 141   8.72256   0.35714   8.24178 
 142   9.44367   0.35714   8.93460 
 143  10.16477   0.35714   9.62743 
 144   7.56955   0.35714   6.53467 
 145   7.90658   0.35714   6.12258 
 146   8.22121   0.35714   5.69313 
 147   8.51253   0.35714   5.24755 
 148   8.77973   0.35714   4.78710 
 149   9.02205   0.35714   4.31308 
 150   8.09942   0.35714   6.99210 
 151   8.46004   0.35714   6.55116 
 152   8.79669   0.35714   6.09165 
 153   9.10841   0.35714   5.61488 
 154   9.39431   0.35714   5.12219 
 155   9.65359   0.35714   4.61499 
 156   9.20053   0.35714   3.91922 
 157  10.12441   0.35714   4.30191 
 158  11.04829   0.35714   4.68459 
 159  11.97217   0.35714   5.06727 
 160  12.89605   0.35714   5.44996 
 161   9.34989   0.35714   3.54817 
 162  10.28124   0.35714   3.91230 
 163  11.21259   0.35714   4.27643 
 164  12.14394   0.35714   4.64056 
 165  13.07528   0.35714   5.00469 
 166   9.49406   0.35714   3.14050 
 167   9.64774   0.35714   2.63080 
 168   9.77407   0.35714   2.11365 
 169   9.87271   0.35714   1.59050 
 170   9.94336   0.35714   1.06284 
 171   9.98583   0.35714   0.53218 
 172  10.00000   0.35714  -0.00000 
 173  10.15865   0.35714   3.36034 
 174  10.32308   0.35714   2.81496 
 175  10.45826   0.35714   2.26160 
 176  10.56379   0.35714   1.70183 
 177  10.63939   0.35714   1.13724 
 178  10.68484   0.35714   0.56943 
 179  10.70000   0.35714  -0.00000 
 180  -0.10000   0.71429  10.00000 
 181  -0.10000   0.71429  11.00000 
 182  -0.10000   0.71429  12.00000 
 183  -0.10000   0.71429  13.00000 
 184  -0.10000   0.71429  14.00000 
 185   0.29997   0.71429   9.99600 
 186   0.31997   0.71429  10.99580 
 187   0.33996   0.71429  11.99560 
 188   0.35996   0.71429  12.99540 
 189   0.37996   0.71429  13.99520 
 190   0.73177   0.71429   9.97319 
 191   1.26148   0.71429   9.92011 
 192   1.78762   0.71429   9.83892 
 193   2.30869   0.71429   9.72985 
 194   2.82322   0.71429   9.59320 
 195   3.32975   0.71429   9.42936 
 196   0.78300   0.71429  10.67131 
 197   1.34979   0.71429  10.61452 
 198   1.91275   0.71429  10.52765 
 199   2.47030   0.71429  10.41094 
 200   3.02084   0.71429  10.26472 
 201   3.56283   0.71429  10.08941 
 202   3.73445   0.71429   9.27706 
 203   4.11713   0.71429  10.20094 
 204   4.49981   0.71429  11.12482 
 205   4.88250   0.71429  12.04870 
 206   5.26518   0.71429  12.97258 
 207   4.10244   0.71429   9.12031 
 208   4.50352   0.71429  10.03635 
 209   4.90460   0.71429  10.95239 
 210   5.30569   0.71429  11.86843 
 211   5.70677   0.71429  12.78447 
 212   4.49264   0.71429   8.93399 
 213   4.96172   0.71429   8.68224 
 214   5.41674   0.71429   8.40589 
 215   5.85640   0.71429   8.10571 
 216   6.27947   0.71429   7.78256 
 217   6.68474   0.71429   7.43735 
 218   4.80713   0.71429   9.55937 
 219   5.30904   0.71429   9.29000 
 220   5.79591   0.71429   8.99430 
 221   6.26635   0.71429   8.67311 
 222   6.71904   0.71429   8.32734 
 223   7.15267   0.71429   7.95797 
 224   7.00036   0.71429   7.14178 
 225   7.70746   0.71429   7.84889 
 226   8.41457   0.71429   8.55599 
 227   9.12168   0.71429   9.26310 
 228   9.82878   0.71429   9.97021 
 229   7.28035   0.71429   6.85613 
 230   8.00145   0.71429   7.54896 
 231   8.72256   0.71429   8.24178 
 232   9.44367   0.71429   8.93460 
 233  10.16477   0.71429   9.62743 
 234   7.56955   0.71429   6.53467 
 235   7.90658   0.71429   6.12258 
 236   8.22121   0.71429   5.69313 
 237   8.51253   0.71429   5.24755 
 238   8.77973   0.71429   4.78710 
 239   9.02205   0.71429   4.31308 
 240   8.09942   0.71429   6.99210 
 241   8.46004   0.71429   6.55116 
 242   8.79669   0.71429   6.09165 
 243   9.10841   0.71429   5.61488 
 244   9.39431   0.71429   5.12219 
 245   9.65359   0.71429   4.61499 
 246   9.20053   0.71429   3.91922 
 247  10.12441   0.71429   4.30191 
 248  11.04829   0.71429   4.68459 
 249  11.97217   0.71429   5.06727 
 250  12.89605   0.71429   5.44996 
 251   9.34989   0.71429   3.54817 
 252  10.28124   0.71429   3.91230 
 253  11.21259   0.71429   4.27643 
 254  12.14394   0.71429   4.64056 
 255  13.07528   0.71429   5.00469 
 256   9.49406   0.71429   3.14050 
 257   9.64774   0.71429   2.63080 
 258   9.77407   0.71429   2.11365 
 259   9.87271   0.71429   1.59050 
 260   9.94336   0.71429   1.06284 
 261   9.98583   0.71429   0.53218 
 262  10.00000   0.71429  -0.00000 
 263  10.15865   0.71429   3.36034 
 264  10.32308   0.71429   2.81496 
 265  10.45826   0.71429   2.26160 
 266  10.56379   0.71429   1.70183 
 267  10.63939   0.71429   1.13724 
 268  10.68484   0.71429   0.56943 
 269  10.70000   0.71429  -0.00000 
 270  -0.10000   1.07143  10.00000 
 271  -0.10000   1.07143  11.00000 
 272  -0.10000   1.07143  12.00000 
 273  -0.10000   1.07143  13.00000 
 274  -0.10000   1.07143  14.00000 
 275   0.29997   1.07143   9.99600 
 276   0.31997   1.07143  10.99580 
 277   0.33996   1.07143  11.99560 
 278   0.35996   1.07143  12.99540 
 279   0.37996   1.07143  13.99520 
 280   0.73177   1.07143   9.97319 
 281   1.26148   1.07143   9.92011 
 282   1.78762   1.07143   9.83892 
 283   2.30869   1.07143   9.72985 
 284   2.82322   1.07143   9.59320 
 285   3.32975   1.07143   9.42936 
 286   0.78300   1.07143  10.67131 
 287   1.34979   1.07143  10.61452 
 288   1.91275   1.07143  10.52765 
 289   2.47030   1.07143  10.41094 
 290   3.02084   1.07143  10.26472 
 291   3.56283   1.07143  10.08941 
 292   3.73445   1.07143   9.27706 
 293   4.11713   1.07143  10.20094 
 294   4.49981   1.07143  11.12482 
 295   4.88250   1.07143  12.04870 
 296   5.26518   1.07143  12.97258 
 297   4.10244   1.07143   9.12031 
 298   4.50352   1.07143  10.03635 
 299   4.90460   1.07143  10.95239 
 300   5.30569   1.07143  11.86843 
 301   5.70677   1.07143  12.78447 
 302   4.49264   1.07143   8.93399 
 303   4.96172   1.07143   8.68224 
 304   5.41674   1.07143   8.40589 
 305   5.85640   1.07143   8.10571 
 306   6.27947   1.07143   7.78256 
 307   6.68474   1.07143   7.43735 
 308   4.80713   1.07143   9.55937 
 309   5.30904   1.07143   9.29000 
 310   5.79591   1.07143   8.99430 
 311   6.26635   1.07143   8.67311 
 312   6.71904   1.07143   8.32734 
 313   7.15267   1.07143   7.95797 
 314   7.00036   1.07143   7.14178 
 315   7.70746   1.07143   7.84889 
 316   8.41457   1.07143   8.55599 
 317   9.12168   1.07143   9.26310 
 318   9.82878   1.07143   9.97021 
 319   7.28035   1.07143   6.85613 
 320   8.00145   1.07143   7.54896 
 321   8.72256   1.07143   8.24178 
 322   9.44367   1.07143   8.93460 
 323  10.16477   1.07143   9.62743 
 324   7.56955   1.07143   6.53467 
 325   7.90658   1.07143   6.12258 
 326   8.22121   1.07143   5.69313 
 327   8.51253   1.07143   5.24755 
 328   8.77973   1.07143   4.78710 
 329   9.02205   1.07143   4.31308 
 330   8.09942   1.07143   6.99210 
 331   8.46004   1.07143   6.55116 
 332   8.79669   1.07143   6.09165 
 333   9.10841   1.07143   5.61488 
 334   9.39431   1.07143   5.12219 
 335   9.65359   1.07143   4.61499 
 336   9.20053   1.07143   3.91922 
 337  10.12441   1.07143   4.30191 
 338  11.04829   1.07143   4.68459 
 339  11.97217   1.07143   5.06727 
 340  12.89605   1.07143   5.44996 
 341   9.34989   1.07143   3.54817 
 342  10.28124   1.07143   3.91230 
 343  11.21259   1.07143   4.27643 
 344  12.14394   1.07143   4.64056 
 345  13.07528   1.07143   5.00469 
 346   9.49406   1.07143   3.14050 
 347   9.64774   1.07143   2.63080 
 348   9.77407   1.07143   2.11365 
 349   9.87271   1.07143   1.59050 
 350   9.94336   1.07143   1.06284 
 351   9.98583   1.07143   0.53218 
 352  10.00000   1.07143  -0.00000 
 353  10.15865   1.07143   3.36034 
 354  10.32308   1.07143   2.81496 
 355  10.45826   1.07143   2.26160 
 356  10.56379   1.07143   1.70183 
 357  10.63939   1.07143   1.13724 
 358  10.68484   1.07143   0.56943 
 359  10.70000   1.07143  -0.00000 
 360  -0.10000   1.42857  10.00000 
 361  -0.10000   1.42857  11.00000 
 362  -0.10000   1.42857  12.00000 
 363  -0.10000   1.42857  13.00000 
 364  -0.10000   1.42857  14.00000 
 365   0.29997   1.42857   9.99600 
 366   0.31997   1.42857  10.99580 
 367   0.33996   1.42857  11.99560 
 368   0.35996   1.42857  12.99540 
 369   0.37996   1.42857  13.99520 
 370   0.73177   1.42857   9.97319 
 371   1.26148   1.42857   9.92011 
 372   1.78762   1.42857   9.83892 
 373   2.30869   1.42857   9.72985 
 374   2.82322   1.42857   9.59320 
 375   3.32975   1.42857   9.42936 
 376   0.78300   1.42857  10.67131 
 377   1.34979   1.42857  10.61452 
 378   1.91275   1.42857  10.52765 
 379   2.47030   1.42857  10.41094 
 380   3.02084   1.42857  10.26472 
 381   3.56283   1.42857  10.08941 
 382   3.73445   1.42857   9.27706 
 383   4.11713   1.42857  10.20094 
 384   4.49981   1.42857  11.12482 
 385   4.88250   1.42857  12.04870 
 386   5.26518   1.42857  12.97258 
 387   4.10244   1.42857   9.12031 
 388   4.50352   1.42857  10.03635 
 389   4.90460   1.42857  10.95239 
 390   5.30569   1.42857  11.86843 
 391   5.70677   1.42857  12.78447 
 392   4.49264   1.42857   8.93399 
 393   4.96172   1.42857   8.68224 
 394   5.41674   1.42857   8.40589 
 395   5.85640   1.42857   8.10571 
 396   6.27947   1.42857   7.78256 
 397   6.68474   1.42857   7.43735 
 398   4.80713   1.42857   9.55937 
 399   5.30904   1.42857   9.29000 
 400   5.79591   1.42857   8.99430 
 401   6.26635   1.42857   8.67311 
 402   6.71904   1.42857   8.32734 
 403   7.15267   1.42857   7.95797 
 404   7.00036   1.42857   7.14178 
 405   7.70746   1.42857   7.84889 
 406   8.41457   1.42857   8.55599 
 407   9.12168   1.42857   9.26310 
 408   9.82878   1.42857   9.97021 
 409   7.28035   1.42857   6.85613 
 410   8.00145   1.42857   7.54896 
 411   8.72256   1.42857   8.24178 
 412   9.44367   1.42857   8.93460 
 413  10.16477   1.42857   9.62743 
 414   7.56955   1.42857   6.53467 
 415   7.90658   1.42857   6.12258 
 416   8.22121   1.42857   5.69313 
 417   8.51253   1.42857   5.24755 
 418   8.77973   1.42857   4.78710 
 419   9.02205   1.42857   4.31308 
 420   8.09942   1.42857   6.99210 
 421   8.46004   1.42857   6.55116 
 422   8.79669   1.42857   6.09165 
 423   9.10841   1.42857   5.61488 
 424   9.39431   1.42857   5.12219 
 425   9.65359   1.42857   4.61499 
 426   9.20053   1.42857   3.91922 
 427  10.12441   1.42857   4.30191 
 428  11.04829   1.42857   4.68459 
 429  11.97217   1.42857   5.06727 
 430  12.89605   1.42857   5.44996 
 431   9.34989   1.42857   3.54817 
 432  10.28124   1.42857   3.91230 
 433  11.21259   1.42857   4.27643 
 434  12.14394   1.42857   4.64056 
 435  13.07528   1.42857   5.00469 
 436   9.49406   1.42857   3.14050 
 437   9.64774   1.42857   2.63080 
 438   9.77407   1.42857   2.11365 
 439   9.87271   1.42857   1.59050 
 440   9.94336   1.42857   1.06284 
 441   9.98583   1.42857   0.53218 
 442  10.00000   1.42857  -0.00000 
 443  10.15865   1.42857   3.36034 
 444  10.32308   1.42857   2.81496 
 445  10.45826   1.42857   2.26160 
 446  10.56379   1.42857   1.70183 
 447  10.63939   1.42857   1.13724 
 448  10.68484   1.42857   0.56943 
 449  10.70000   1.42857  -0.00000 
 450  -0.10000   1.78571  10.00000 
 451  -0.10000   1.78571  11.00000 
 452  -0.10000   1.78571  12.00000 
 453  -0.10000   1.78571  13.00000 
 454  -0.10000   1.78571  14.00000 
 455   0.29997   1.78571   9.99600 
 456   0.31997   1.78571  10.99580 
 457   0.33996   1.78571  11.99560 
 458   0.35996   1.78571  12.99540 
 459   0.37996   1.78571  13.99520 
 460   0.73177   1.78571   9.97319 
 461   1.26148   1.78571   9.92011 
 462   1.78762   1.78571   9.83892 
 463   2.30869   1.78571   9.72985 
 464   2.82322   1.78571   9.59320 
 465   3.32975   1.78571   9.42936 
 466   0.78300   1.78571  10.67131 
 467   1.34979   1.78571  10.61452 
 468   1.91275   1.78571  10.52765 
 469   2.47030   1.78571  10.41094 
 470   3.02084   1.78571  10.26472 
 471   3.56283   1.78571  10.08941 
 472   3.73445   1.78571   9.27706 
 473   4.11713   1.78571  10.20094 
 474   4.49981   1.78571  11.12482 
 475   4.88250   1.78571  12.04870 
 476   5.26518   1.78571  12.97258 
 477   4.10244   1.78571   9.12031 
 478   4.50352   1.78571  10.03635 
 479   4.90460   1.78571  10.95239 
 480   5.30569   1.78571  11.86843 
 481   5.70677   1.78571  12.78447 
 482   4.49264   1.78571   8.93399 
 483   4.96172   1.78571   8.68224 
 484   5.41674   1.78571   8.40589 
 485   5.85640   1.78571   8.10571 
 486   6.27947   1.78571   7.78256 
 487   6.68474   1.78571   7.43735 
 488   4.80713   1.78571   9.55937 
 489   5.30904   1.78571   9.29000 
 490   5.79591   1.78571   8.99430 
 491   6.26635   1.78571   8.67311 
 492   6.71904   1.78571   8.32734 
 493   7.15267   1.78571   7.95797 
 494   7.00036   1.78571   7.14178 
 495   7.70746   1.78571   7.84889 
 496   8.41457   1.78571   8.55599 
 497   9.12168   1.78571   9.26310 
 498   9.82878   1.78571   9.97021 
 499   7.28035   1.78571   6.85613 
 500   8.00145   1.78571   7.54896 
 501   8.72256   1.78571   8.24178 
 502   9.44367   1.78571   8.93460 
 503  10.16477   1.78571   9.62743 
 504   7.56955   1.78571   6.53467 
 505   7.90658   1.78571   6.12258 
 506   8.22121   1.78571   5.69313 
 507   8.51253   1.78571   5.24755 
 508   8.77973   1.78571   4.78710 
 509   9.02205   1.78571   4.31308 
 510   8.09942   1.78571   6.99210 
 511   8.46004   1.78571   6.55116 
 512   8.79669   1.78571   6.09165 
 513   9.10841   1.78571   5.61488 
 514   9.39431   1.78571   5.12219 
 515   9.65359   1.78571   4.61499 
 516   9.20053   1.78571   3.91922 
 517  10.12441   1.78571   4.30191 
 518  11.04829   1.78571   4.68459 
 519  11.97217   1.78571   5.06727 
 520  12.89605   1.78571   5.44996 
 521   9.34989   1.78571   3.54817 
 522  10.28124   1.78571   3.91230 
 523  11.21259   1.78571   4.27643 
 524  12.14394   1.78571   4.64056 
 525  13.07528   1.78571   5.00469 
 526   9.49406   1.78571   3.14050 
 527   9.64774   1.78571   2.63080 
 528   9.77407   1.78571   2.11365 
 529   9.87271   1.78571   1.59050 
 530   9.94336   1.78571   1.06284 
 531   9.98583   1.78571   0.53218 
 532  10.00000   1.78571  -0.00000 
 533  10.15865   1.78571   3.36034 
 534  10.32308   1.78571   2.81496 
 535  10.45826   1.78571   2.26160 
 536  10.56379   1.78571   1.70183 
 537  10.63939   1.78571   1.13724 
 538  10.68484   1.78571   0.56943 
 539  10.70000   1.78571  -0.00000 
 540  -0.10000   2.14286  10.00000 
 541  -0.10000   2.14286  11.00000 
 542  -0.10000   2.14286  12.00000 
 543  -0.10000   2.14286  13.00000 
 544  -0.10000   2.14286  14.00000 
 545   0.29997   2.14286   9.99600 
 546   0.31997   2.14286  10.99580 
 547   0.33996   2.14286  11.99560 
 548   0.35996   2.14286  12.99540 
 549   0.37996   2.14286  13.99520 
 550   0.73177   2.14286   9.97319 
 551   1.26148   2.14286   9.92011 
 552   1.78762   2.14286   9.83892 
 553   2.30869   2.14286   9.72985 
 554   2.82322   2.14286   9.59320 
 555   3.32975   2.14286   9.42936 
 556   0.78300   2.14286  10.67131 
 557   1.34979   2.14286  10.61452 
 558   1.91275   2.14286  10.52765 
 559   2.47030   2.14286  10.41094 
 560   3.02084   2.14286  10.26472 
 561   3.56283   2.14286  10.08941 
 562   3.73445   2.14286   9.27706 
 563   4.11713   2.14286  10.20094 
 564   4.49981   2.14286  11.12482 
 565   4.88250   2.14286  12.04870 
 566   5.26518   2.14286  12.97258 
 567   4.10244   2.14286   9.12031 
 568   4.50352   2.14286  10.03635 
 569   4.90460   2.14286  10.95239 
 570   5.30569   2.14286  11.86843 
 571   5.70677   2.14286  12.78447 
 572   4.49264   2.14286   8.93399 
 573   4.96172   2.14286   8.68224 
 574   5.41674   2.14286   8.40589 
 575   5.85640   2.14286   8.10571 
 576   6.27947   2.14286   7.78256 
 577   6.68474   2.14286   7.43735 
 578   4.80713   2.14286   9.55937 
 579   5.30904   2.14286   9.29000 
 580   5.79591   2.14286   8.99430 
 581   6.26635   2.14286   8.67311 
 582   6.71904   2.14286   8.32734 
 583   7.15267   2.14286   7.95797 
 584   7.00036   2.14286   7.14178 
 585   7.70746   2.14286   7.84889 
 586   8.41457   2.14286   8.55599 
 587   9.12168   2.14286   9.26310 
 588   9.82878   2.14286   9.97021 
 589   7.28035   2.14286   6.85613 
 590   8.00145   2.14286   7.54896 
 591   8.72256   2.14286   8.24178 
 592   9.44367   2.14286   8.93460 
 593  10.16477   2.14286   9.62743 
 594   7.56955   2.14286   6.53467 
 595   7.90658   2.14286   6.12258 
 596   8.22121   2.14286   5.69313 
 597   8.51253   2.14286   5.24755 
 598   8.77973   2.14286   4.78710 
 599   9.02205   2.14286   4.31308 
 600   8.09942   2.14286   6.99210 
 601   8.46004   2.14286   6.55116 
 602   8.79669   2.14286   6.09165 
 603   9.10841   2.14286   5.61488 
 604   9.39431   2.14286   5.12219 
 605   9.65359   2.14286   4.61499 
 606   9.20053   2.14286   3.91922 
 607  10.12441   2.14286   4.30191 
 608  11.04829   2.14286   4.68459 
 609  11.97217   2.14286   5.06727 
 610  12.89605   2.14286   5.44996 
 611   9.34989   2.14286   3.54817 
 612  10.28124   2.14286   3.91230 
 613  11.21259   2.14286   4.27643 
 614  12.14394   2.14286   4.64056 
 615  13.07528   2.14286   5.00469 
 616   9.49406   2.14286   3.14050 
 617   9.64774   2.14286   2.63080 
 618   9.77407   2.14286   2.11365 
 619   9.87271   2.14286   1.59050 
 620   9.94336   2.14286   1.06284 
 621   9.98583   2.14286   0.53218 
 622  10.00000   2.14286  -0.00000 
 623  10.15865   2.14286   3.36034 
 624  10.32308   2.14286   2.81496 
 625  10.45826   2.14286   2.26160 
 626  10.56379   2.14286   1.70183 
 627  10.63939   2.14286   1.13724 
 628  10.68484   2.14286   0.56943 
 629  10.70000   2.14286  -0.00000 
 630  -0.10000   2.50000  10.00000 
 631  -0.10000   2.50000  11.00000 
 632  -0.10000   2.50000  12.00000 
 633  -0.10000   2.50000  13.00000 
 634  -0.10000   2.50000  14.00000 
 635   0.29997   2.50000   9.99600 
 636   0.31997   2.50000  10.99580 
 637   0.33996   2.50000  11.99560 
 638   0.35996   2.50000  12.99540 
 639   0.37996   2.50000  13.99520 
 640   0.73177   2.50000   9.97319 
 641   1.26148   2.50000   9.92011 
 642   1.78762   2.50000   9.83892 
 643   2.30869   2.50000   9.72985 
 644   2.82322   2.50000   9.59320 
 645   3.32975   2.50000   9.42936 
 646   0.78300   2.50000  10.67131 
 647   1.34979   2.50000  10.61452 
 648   1.91275   2.50000  10.52765 
 649   2.47030   2.50000  10.41094 
 650   3.02084   2.50000  10.26472 
 651   3.56283   2.50000  10.08941 
 652   3.73445   2.50000   9.27706 
 653   4.11713   2.50000  10.20094 
 654   4.49981   2.50000  11.12482 
 655   4.88250   2.50000  12.04870 
 656   5.26518   2.50000  12.97258 
 657   4.10244   2.50000   9.12031 
 658   4.50352   2.50000  10.03635 
 659   4.90460   2.50000  10.95239 
 660   5.30569   2.50000  11.86843 
 661   5.70677   2.50000  12.78447 
 662   4.49264   2.50000   8.93399 
 663   4.96172   2.50000   8.68224 
 664   5.41674   2.50000   8.40589 
 665   5.85640   2.50000   8.10571 
 666   6.27947   2.50000   7.78256 
 667   6.68474   2.50000   7.43735 
 668   4.80713   2.50000   9.55937 
 669   5.30904   2.50000   9.29000 
 670   5.79591   2.50000   8.99430 
 671   6.26635   2.50000   8.67311 
 672   6.71904   2.50000   8.32734 
 673   7.15267   2.50000   7.95797 
 674   7.00036   2.50000   7.14178 
 675   7.70746   2.50000   7.84889 
 676   8.41457   2.50000   8.55599 
 677   9.12168   2.50000   9.26310 
 678   9.82878   2.50000   9.97021 
 679   7.28035   2.50000   6.85613 
 680   8.00145   2.50000   7.54896 
 681   8.72256   2.50000   8.24178 
 682   9.44367   2.50000   8.93460 
 683  10.16477   2.50000   9.62743 
 684   7.56955   2.50000   6.53467 
 685   7.90658   2.50000   6.12258 
 686   8.22121   2.50000   5.69313 
 687   8.51253   2.50000   5.24755 
 688   8.77973   2.50000   4.78710 
 689   9.02205   2.50000   4.31308 
 690   8.09942   2.50000   6.99210 
 691   8.46004   2.50000   6.55116 
 692   8.79669   2.50000   6.09165 
 693   9.10841   2.50000   5.61488 
 694   9.39431   2.50000   5.12219 
 695   9.65359   2.50000   4.61499 
 696   9.20053   2.50000   3.91922 
 697  10.12441   2.50000   4.30191 
 698  11.04829   2.50000   4.68459 
 699  11.97217   2.50000   5.06727 
 700  12.89605   2.50000   5.44996 
 701   9.34989   2.50000   3.54817 
 702  10.28124   2.50000   3.91230 
 703  11.21259   2.50000   4.27643 
 704  12.14394   2.50000   4.64056 
 705  13.07528   2.50000   5.00469 
 706   9.49406   2.50000   3.14050 
 707   9.64774   2.50000   2.63080 
 708   9.77407   2.50000   2.11365 
 709   9.87271   2.50000   1.59050 
 710   9.94336   2.50000   1.06284 
 711   9.98583   2.50000   0.53218 
 712  10.00000   2.50000  -0.00000 
 713  10.15865   2.50000   3.36034 
 714  10.32308   2.50000   2.81496 
 715  10.45826   2.50000   2.26160 
 716  10.56379   2.50000   1.70183 
 717  10.63939   2.50000   1.13724 
 718  10.68484   2.50000   0.56943 
 719  10.70000   2.50000  -0.00000 
 720  -0.10000   2.85714  10.00000 
 721  -0.10000   2.85714  11.00000 
 722  -0.10000   2.85714  12.00000 
 723  -0.10000   2.85714  13.00000 
 724  -0.10000   2.85714  14.00000 
 725   0.29997   2.85714   9.99600 
 726   0.31997   2.85714  10.99580 
 727   0.33996   2.85714  11.99560 
 728   0.35996   2.85714  12.99540 
 729   0.37996   2.85714  13.99520 
 730   0.73177   2.85714   9.97319 
 731   1.26148   2.85714   9.92011 
 732   1.78762   2.85714   9.83892 
 733   2.30869   2.85714   9.72985 
 734   2.82322   2.85714   9.59320 
 735   3.32975   2.85714   9.42936 
 736   0.78300   2.85714  10.67131 
 737   1.34979   2.85714  10.61452 
 738   1.91275   2.85714  10.52765 
 739   2.47030   2.85714  10.41094 
 740   3.02084   2.85714  10.26472 
 741   3.56283   2.85714  10.08941 
 742   3.73445   2.85714   9.27706 
 743   4.11713   2.85714  10.20094 
 744   4.49981   2.85714  11.12482 
 745   4.88250   2.85714  12.04870 
 746   5.26518   2.85714  12.97258 
 747   4.10244   2.85714   9.12031 
 748   4.50352   2.85714  10.03635 
 749   4.90460   2.85714  10.95239 
 750   5.30569   2.85714  11.86843 
 751   5.70677   2.85714  12.78447 
 752   4.49264   2.85714   8.93399 
 753   4.96172   2.85714   8.68224 
 754   5.41674   2.85714   8.40589 
 755   5.85640   2.85714   8.10571 
 756   6.27947   2.85714   7.78256 
 757   6.68474   2.85714   7.43735 
 758   4.80713   2.85714   9.55937 
 759   5.30904   2.85714   9.29000 
 760   5.79591   2.85714   8.99430 
 761   6.26635   2.85714   8.67311 
 762   6.71904   2.85714   8.32734 
 763   7.15267   2.85714   7.95797 
 764   7.00036   2.85714   7.14178 
 765   7.70746   2.85714   7.84889 
 766   8.41457   2.85714   8.55599 
 767   9.12168   2.85714   9.26310 
 768   9.82878   2.85714   9.97021 
 769   7.28035   2.85714   6.85613 
 770   8.00145   2.85714   7.54896 
 771   8.72256   2.85714   8.24178 
 772   9.44367   2.85714   8.93460 
 773  10.16477   2.85714   9.62743 
 774   7.56955   2.85714   6.53467 
 775   7.90658   2.85714   6.12258 
 776   8.22121   2.85714   5.69313 
 777   8.51253   2.85714   5.24755 
 778   8.77973   2.85714   4.78710 
 779   9.02205   2.85714   4.31308 
 780   8.09942   2.85714   6.99210 
 781   8.46004   2.85714   6.55116 
 782   8.79669   2.85714   6.09165 
 783   9.10841   2.85714   5.61488 
 784   9.39431   2.85714   5.12219 
 785   9.65359   2.85714   4.61499 
 786   9.20053   2.85714   3.91922 
 787  10.12441   2.85714   4.30191 
 788  11.04829   2.85714   4.68459 
 789  11.97217   2.85714   5.06727 
 790  12.89605   2.85714   5.44996 
 791   9.34989   2.85714   3.54817 
 792  10.28124   2.85714   3.91230 
 793  11.21259   2.85714   4.27643 
 794  12.14394   2.85714   4.64056 
 795  13.07528   2.85714   5.00469 
 796   9.49406   2.85714   3.14050 
 797   9.64774   2.85714   2.63080 
 798   9.77407   2.85714   2.11365 
 799   9.87271   2.85714   1.59050 
 800   9.94336   2.85714   1.06284 
 801   9.98583   2.85714   0.53218 
 802  10.00000   2.85714  -0.00000 
 803  10.15865   2.85714   3.36034 
 804  10.32308   2.85714   2.81496 
 805  10.45826   2.85714   2.26160 
 806  10.56379   2.85714   1.70183 
 807  10.63939   2.85714   1.13724 
 808  10.68484   2.85714   0.56943 
 809  10.70000   2.85714  -0.00000 
 810  -0.10000   3.21429  10.00000 
 811  -0.10000   3.21429  11.00000 
 812  -0.10000   3.21429  12.00000 
 813  -0.10000   3.21429  13.00000 
 814  -0.10000   3.21429  14.00000 
 815   0.29997   3.21429   9.99600 
 816   0.31997   3.21429  10.99580 
 817   0.33996   3.21429  11.99560 
 818   0.35996   3.21429  12.99540 
 819   0.37996   3.21429  13.99520 
 820   0.73177   3.21429   9.97319 
 821   1.26148   3.21429   9.92011 
 822   1.78762   3.21429   9.83892 
 823   2.30869   3.21429   9.72985 
 824   2.82322   3.21429   9.59320 
 825   3.32975   3.21429   9.42936 
 826   0.78300   3.21429  10.67131 
 827   1.34979   3.21429  10.61452 
 828   1.91275   3.21429  10.52765 
 829   2.47030   3.21429  10.41094 
 830   3.02084   3.21429  10.26472 
 831   3.56283   3.21429  10.08941 
 832   3.73445   3.21429   9.27706 
 833   4.11713   3.21429  10.20094 
 834   4.49981   3.21429  11.12482 
 835   4.88250   3.21429  12.04870 
 836   5.26518   3.21429  12.97258 
 837   4.10244   3.21429   9.12031 
 838   4.50352   3.21429  10.03635 
 839   4.90460   3.21429  10.95239 
 840   5.30569   3.21429  11.86843 
 841   5.70677   3.21429  12.78447 
 842   4.49264   3.21429   8.93399 
 843   4.96172   3.21429   8.68224 
 844   5.41674   3.21429   8.40589 
 845   5.85640   3.21429   8.10571 
 846   6.27947   3.21429   7.78256 
 847   6.68474   3.21429   7.43735 
 848   4.80713   3.21429   9.55937 
 849   5.30904   3.21429   9.29000 
 850   5.79591   3.21429   8.99430 
 851   6.26635   3.21429   8.67311 
 852   6.71904   3.21429   8.32734 
 853   7.15267   3.21429   7.95797 
 854   7.00036   3.21429   7.14178 
 855   7.70746   3.21429   7.84889 
 856   8.41457   3.21429   8.55599 
 857   9.12168   3.21429   9.26310 
 858   9.82878   3.21429   9.97021 
 859   7.28035   3.21429   6.85613 
 860   8.00145   3.21429   7.54896 
 861   8.72256   3.21429   8.24178 
 862   9.44367   3.21429   8.93460 
 863  10.16477   3.21429   9.62743 
 864   7.56955   3.21429   6.53467 
 865   7.90658   3.21429   6.12258 
 866   8.22121   3.21429   5.69313 
 867   8.51253   3.21429   5.24755 
 868   8.77973   3.21429   4.78710 
 869   9.02205   3.21429   4.31308 
 870   8.09942   3.21429   6.99210 
 871   8.46004   3.21429   6.55116 
 872   8.79669   3.21429   6.09165 
 873   9.10841   3.21429   5.61488 
 874   9.39431   3.21429   5.12219 
 875   9.65359   3.21429   4.61499 
 876   9.20053   3.21429   3.91922 
 877  10.12441   3.21429   4.30191 
 878  11.04829   3.21429   4.68459 
 879  11.97217   3.21429   5.06727 
 880  12.89605   3.21429   5.44996 
 881   9.34989   3.21429   3.54817 
 882  10.28124   3.21429   3.91230 
 883  11.21259   3.21429   4.27643 
 884  12.14394   3.21429   4.64056 
 885  13.07528   3.21429   5.00469 
 886   9.49406   3.21429   3.14050 
 887   9.64774   3.21429   2.63080 
 888   9.77407   3.21429   2.11365 
 889   9.87271   3.21429   1.59050 
 890   9.94336   3.21429   1.06284 
 891   9.98583   3.21429   0.53218 
 892  10.00000   3.21429  -0.00000 
 893  10.15865   3.21429   3.36034 
 894  10.32308   3.21429   2.81496 
 895  10.45826   3.21429   2.26160 
 896  10.56379   3.21429   1.70183 
 897  10.63939   3.21429   1.13724 
 898  10.68484   3.21429   0.56943 
 899  10.70000   3.21429  -0.00000 
 900  -0.10000   3.57143  10.00000 
 901  -0.10000   3.57143  11.00000 
 902  -0.10000   3.57143  12.00000 
 903  -0.10000   3.57143  13.00000 
 904  -0.10000   3.57143  14.00000 
 905   0.29997   3.57143   9.99600 
 906   0.31997   3.57143  10.99580 
 907   0.33996   3.57143  11.99560 
 908   0.35996   3.57143  12.99540 
 909   0.37996   3.57143  13.99520 
 910   0.73177   3.57143   9.97319 
 911   1.26148   3.57143   9.92011 
 912   1.78762   3.57143   9.83892 
 913   2.30869   3.57143   9.72985 
 914   2.82322   3.57143   9.59320 
 915   3.32975   3.57143   9.42936 
 916   0.78300   3.57143  10.67131 
 917   1.34979   3.57143  10.61452 
 918   1.91275   3.57143  10.52765 
 919   2.47030   3.57143  10.41094 
 920   3.02084   3.57143  10.26472 
 921   3.56283   3.57143  10.08941 
 922   3.73445   3.57143   9.27706 
 923   4.11713   3.57143  10.20094 
 924   4.49981   3.57143  11.12482 
 925   4.88250   3.57143  12.04870 
 926   5.26518   3.57143  12.97258 
 927   4.10244   3.57143   9.12031 
 928   4.50352   3.57143  10.03635 
 929   4.90460   3.57143  10.95239 
 930   5.30569   3.57143  11.86843 
 931   5.70677   3.57143  12.78447 
 932   4.49264   3.57143   8.93399 
 933   4.96172   3.57143   8.68224 
 934   5.41674   3.57143   8.40589 
 935   5.85640   3.57143   8.10571 
 936   6.27947   3.57143   7.78256 
 937   6.68474   3.57143   7.43735 
 938   4.80713   3.57143   9.55937 
 939   5.30904   3.57143   9.29000 
 940   5.79591   3.57143   8.99430 
 941   6.26635   3.57143   8.67311 
 942   6.71904   3.57143   8.32734 
 943   7.15267   3.57143   7.95797 
 944   7.00036   3.57143   7.14178 
 945   7.70746   3.57143   7.84889 
 946   8.41457   3.57143   8.55599 
 947   9.12168   3.57143   9.26310 
 948   9.82878   3.57143   9.97021 
 949   7.28035   3.57143   6.85613 
 950   8.00145   3.57143   7.54896 
 951   8.72256   3.57143   8.24178 
 952   9.44367   3.57143   8.93460 
 953  10.16477   3.57143   9.62743 
 954   7.56955   3.57143   6.53467 
 955   7.90658   3.57143   6.12258 
 956   8.22121   3.57143   5.69313 
 957   8.51253   3.57143   5.24755 
 958   8.77973   3.57143   4.78710 
 959   9.02205   3.57143   4.31308 
 960   8.09942   3.57143   6.99210 
 961   8.46004   3.57143   6.55116 
 962   8.79669   3.57143   6.09165 
 963   9.10841   3.57143   5.61488 
 964   9.39431   3.57143   5.12219 
 965   9.65359   3.57143   4.61499 
 966   9.20053   3.57143   3.91922 
 967  10.12441   3.57143   4.30191 
 968  11.04829   3.57143   4.68459 
 969  11.97217   3.57143   5.06727 
 970  12.89605   3.57143   5.44996 
 971   9.34989   3.57143   3.54817 
 972  10.28124   3.57143   3.91230 
 973  11.21259   3.57143   4.27643 
 974  12.14394   3.57143   4.64056 
 975  13.07528   3.57143   5.00469 
 976   9.49406   3.57143   3.14050 
 977   9.64774   3.57143   2.63080 
 978   9.77407   3.57143   2.11365 
 979   9.87271   3.57143   1.59050 
 980   9.94336   3.57143   1.06284 
 981   9.98583   3.57143   0.53218 
 982  10.00000   3.57143  -0.00000 
 983  10.15865   3.57143   3.36034 
 984  10.32308   3.57143   2.81496 
 985  10.45826   3.57143   2.26160 
 986  10.56379   3.57143   1.70183 
 987  10.63939   3.57143   1.13724 
 988  10.68484   3.57143   0.56943 
 989  10.70000   3.57143  -0.00000 
prescribed displacement x: node  disp value
    0       0.0000e+00 
    1       0.0000e+00 
   90       0.0000e+00 
   91       0.0000e+00 
  180       0.0000e+00 
  181       0.0000e+00 
  270       0.0000e+00 
  271       0.0000e+00 
  360       0.0000e+00 
  361       0.0000e+00 
  450       0.0000e+00 
  451       0.0000e+00 
  540       0.0000e+00 
  541       0.0000e+00 
  630       0.0000e+00 
  631       0.0000e+00 
  720       0.0000e+00 
  721       0.0000e+00 
  810       0.0000e+00 
  811       0.0000e+00 
  900       0.0000e+00 
  901       0.0000e+00 
 -10
 prescribed displacement y: node  disp value
    0       0.0000e+00 
 -10
 prescribed displacement z: node  disp value
   89       0.0000e+00 
   82       0.0000e+00 
  179       0.0000e+00 
  172       0.0000e+00 
  269       0.0000e+00 
  262       0.0000e+00 
  359       0.0000e+00 
  352       0.0000e+00 
  449       0.0000e+00 
  442       0.0000e+00 
  539       0.0000e+00 
  532       0.0000e+00 
  629       0.0000e+00 
  622       0.0000e+00 
  719       0.0000e+00 
  712       0.0000e+00 
  809       0.0000e+00 
  802       0.0000e+00 
  899       0.0000e+00 
  892       0.0000e+00 
  989       0.0000e+00 
  982       0.0000e+00 
 -10
 prescribed temperature: node  temperature
 -10
 surface node with bulk temperature: node  temperature
   1   3.000000e+01
   2   3.000000e+01
   3   3.000000e+01
   4   3.000000e+01
   6   3.000000e+01
   7   3.000000e+01
   8   3.000000e+01
   9   3.000000e+01
  23   3.000000e+01
  24   3.000000e+01
  25   3.000000e+01
  26   3.000000e+01
  28   3.000000e+01
  29   3.000000e+01
  30   3.000000e+01
  31   3.000000e+01
  45   3.000000e+01
  46   3.000000e+01
  47   3.000000e+01
  48   3.000000e+01
  50   3.000000e+01
  51   3.000000e+01
  52   3.000000e+01
  53   3.000000e+01
  67   3.000000e+01
  68   3.000000e+01
  69   3.000000e+01
  70   3.000000e+01
  72   3.000000e+01
  73   3.000000e+01
  74   3.000000e+01
  75   3.000000e+01
  91   3.000000e+01
  92   3.000000e+01
  93   3.000000e+01
  94   3.000000e+01
  96   3.000000e+01
  97   3.000000e+01
  98   3.000000e+01
  99   3.000000e+01
 113   3.000000e+01
 114   3.000000e+01
 115   3.000000e+01
 116   3.000000e+01
 118   3.000000e+01
 119   3.000000e+01
 120   3.000000e+01
 121   3.000000e+01
 135   3.000000e+01
 136   3.000000e+01
 137   3.000000e+01
 138   3.000000e+01
 140   3.000000e+01
 141   3.000000e+01
 142   3.000000e+01
 143   3.000000e+01
 157   3.000000e+01
 158   3.000000e+01
 159   3.000000e+01
 160   3.000000e+01
 162   3.000000e+01
 163   3.000000e+01
 164   3.000000e+01
 165   3.000000e+01
 181   3.000000e+01
 182   3.000000e+01
 183   3.000000e+01
 184   3.000000e+01
 186   3.000000e+01
 187   3.000000e+01
 188   3.000000e+01
 189   3.000000e+01
 203   3.000000e+01
 204   3.000000e+01
 205   3.000000e+01
 206   3.000000e+01
 208   3.000000e+01
 209   3.000000e+01
 210   3.000000e+01
 211   3.000000e+01
 225   3.000000e+01
 226   3.000000e+01
 227   3.000000e+01
 228   3.000000e+01
 230   3.000000e+01
 231   3.000000e+01
 232   3.000000e+01
 233   3.000000e+01
 247   3.000000e+01
 248   3.000000e+01
 249   3.000000e+01
 250   3.000000e+01
 252   3.000000e+01
 253   3.000000e+01
 254   3.000000e+01
 255   3.000000e+01
 271   3.000000e+01
 272   3.000000e+01
 273   3.000000e+01
 274   3.000000e+01
 276   3.000000e+01
 277   3.000000e+01
 278   3.000000e+01
 279   3.000000e+01
 293   3.000000e+01
 294   3.000000e+01
 295   3.000000e+01
 296   3.000000e+01
 298   3.000000e+01
 299   3.000000e+01
 300   3.000000e+01
 301   3.000000e+01
 315   3.000000e+01
 316   3.000000e+01
 317   3.000000e+01
 318   3.000000e+01
 320   3.000000e+01
 321   3.000000e+01
 322   3.000000e+01
 323   3.000000e+01
 337   3.000000e+01
 338   3.000000e+01
 339   3.000000e+01
 340   3.000000e+01
 342   3.000000e+01
 343   3.000000e+01
 344   3.000000e+01
 345   3.000000e+01
 361   3.000000e+01
 362   3.000000e+01
 363   3.000000e+01
 364   3.000000e+01
 366   3.000000e+01
 367   3.000000e+01
 368   3.000000e+01
 369   3.000000e+01
 383   3.000000e+01
 384   3.000000e+01
 385   3.000000e+01
 386   3.000000e+01
 388   3.000000e+01
 389   3.000000e+01
 390   3.000000e+01
 391   3.000000e+01
 405   3.000000e+01
 406   3.000000e+01
 407   3.000000e+01
 408   3.000000e+01
 410   3.000000e+01
 411   3.000000e+01
 412   3.000000e+01
 413   3.000000e+01
 427   3.000000e+01
 428   3.000000e+01
 429   3.000000e+01
 430   3.000000e+01
 432   3.000000e+01
 433   3.000000e+01
 434   3.000000e+01
 435   3.000000e+01
 451   3.000000e+01
 452   3.000000e+01
 453   3.000000e+01
 454   3.000000e+01
 456   3.000000e+01
 457   3.000000e+01
 458   3.000000e+01
 459   3.000000e+01
 473   3.000000e+01
 474   3.000000e+01
 475   3.000000e+01
 476   3.000000e+01
 478   3.000000e+01
 479   3.000000e+01
 480   3.000000e+01
 481   3.000000e+01
 495   3.000000e+01
 496   3.000000e+01
 497   3.000000e+01
 498   3.000000e+01
 500   3.000000e+01
 501   3.000000e+01
 502   3.000000e+01
 503   3.000000e+01
 517   3.000000e+01
 518   3.000000e+01
 519   3.000000e+01
 520   3.000000e+01
 522   3.000000e+01
 523   3.000000e+01
 524   3.000000e+01
 525   3.000000e+01
 541   3.000000e+01
 542   3.000000e+01
 543   3.000000e+01
 544   3.000000e+01
 546   3.000000e+01
 547   3.000000e+01
 548   3.000000e+01
 549   3.000000e+01
 563   3.000000e+01
 564   3.000000e+01
 565   3.000000e+01
 566   3.000000e+01
 568   3.000000e+01
 569   3.000000e+01
 570   3.000000e+01
 571   3.000000e+01
 585   3.000000e+01
 586   3.000000e+01
 587   3.000000e+01
 588   3.000000e+01
 590   3.000000e+01
 591   3.000000e+01
 592   3.000000e+01
 593   3.000000e+01
 607   3.000000e+01
 608   3.000000e+01
 609   3.000000e+01
 610   3.000000e+01
 612   3.000000e+01
 613   3.000000e+01
 614   3.000000e+01
 615   3.000000e+01
 631   3.000000e+01
 632   3.000000e+01
 633   3.000000e+01
 634   3.000000e+01
 636   3.000000e+01
 637   3.000000e+01
 638   3.000000e+01
 639   3.000000e+01
 653   3.000000e+01
 654   3.000000e+01
 655   3.000000e+01
 656   3.000000e+01
 658   3.000000e+01
 659   3.000000e+01
 660   3.000000e+01
 661   3.000000e+01
 675   3.000000e+01
 676   3.000000e+01
 677   3.000000e+01
 678   3.000000e+01
 680   3.000000e+01
 681   3.000000e+01
 682   3.000000e+01
 683   3.000000e+01
 697   3.000000e+01
 698   3.000000e+01
 699   3.000000e+01
 700   3.000000e+01
 702   3.000000e+01
 703   3.000000e+01
 704   3.000000e+01
 705   3.000000e+01
 721   3.000000e+01
 722   3.000000e+01
 723   3.000000e+01
 724   3.000000e+01
 726   3.000000e+01
 727   3.000000e+01
 728   3.000000e+01
 729   3.000000e+01
 743   3.000000e+01
 744   3.000000e+01
 745   3.000000e+01
 746   3.000000e+01
 748   3.000000e+01
 749   3.000000e+01
 750   3.000000e+01
 751   3.000000e+01
 765   3.000000e+01
 766   3.000000e+01
 767   3.000000e+01
 768   3.000000e+01
 770   3.000000e+01
 771   3.000000e+01
 772   3.000000e+01
 773   3.000000e+01
 787   3.000000e+01
 788   3.000000e+01
 789   3.000000e+01
 790   3.000000e+01
 792   3.000000e+01
 793   3.000000e+01
 794   3.000000e+01
 795   3.000000e+01
 811   3.000000e+01
 812   3.000000e+01
 813   3.000000e+01
 814   3.000000e+01
 816   3.000000e+01
 817   3.000000e+01
 818   3.000000e+01
 819   3.000000e+01
 833   3.000000e+01
 834   3.000000e+01
 835   3.000000e+01
 836   3.000000e+01
 838   3.000000e+01
 839   3.000000e+01
 840   3.000000e+01
 841   3.000000e+01
 855   3.000000e+01
 856   3.000000e+01
 857   3.000000e+01
 858   3.000000e+01
 860   3.000000e+01
 861   3.000000e+01
 862   3.000000e+01
 863   3.000000e+01
 877   3.000000e+01
 878   3.000000e+01
 879   3.000000e+01
 880   3.000000e+01
 882   3.000000e+01
 883   3.000000e+01
 884   3.000000e+01
 885   3.000000e+01
 -10
 node with point load and load vector in x,y,z
 -10
 node with heat load Q 
 -10
node with heat generation 
   0   1.000000e-01
   5   1.000000e-01
  10   1.000000e-01
  11   1.000000e-01
  12   1.000000e-01
  13   1.000000e-01
  14   1.000000e-01
  15   1.000000e-01
  22   1.000000e-01
  27   1.000000e-01
  32   1.000000e-01
  33   1.000000e-01
  34   1.000000e-01
  35   1.000000e-01
  36   1.000000e-01
  37   1.000000e-01
  44   1.000000e-01
  49   1.000000e-01
  54   1.000000e-01
  55   1.000000e-01
  56   1.000000e-01
  57   1.000000e-01
  58   1.000000e-01
  59   1.000000e-01
  66   1.000000e-01
  71   1.000000e-01
  76   1.000000e-01
  77   1.000000e-01
  78   1.000000e-01
  79   1.000000e-01
  80   1.000000e-01
  81   1.000000e-01
  82   1.000000e-01
  90   1.000000e-01
  95   1.000000e-01
 100   1.000000e-01
 101   1.000000e-01
 102   1.000000e-01
 103   1.000000e-01
 104   1.000000e-01
 105   1.000000e-01
 112   1.000000e-01
 117   1.000000e-01
 122   1.000000e-01
 123   1.000000e-01
 124   1.000000e-01
 125   1.000000e-01
 126   1.000000e-01
 127   1.000000e-01
 134   1.000000e-01
 139   1.000000e-01
 144   1.000000e-01
 145   1.000000e-01
 146   1.000000e-01
 147   1.000000e-01
 148   1.000000e-01
 149   1.000000e-01
 156   1.000000e-01
 161   1.000000e-01
 166   1.000000e-01
 167   1.000000e-01
 168   1.000000e-01
 169   1.000000e-01
 170   1.000000e-01
 171   1.000000e-01
 172   1.000000e-01
 180   1.000000e-01
 185   1.000000e-01
 190   1.000000e-01
 191   1.000000e-01
 192   1.000000e-01
 193   1.000000e-01
 194   1.000000e-01
 195   1.000000e-01
 202   1.000000e-01
 207   1.000000e-01
 212   1.000000e-01
 213   1.000000e-01
 214   1.000000e-01
 215   1.000000e-01
 216   1.000000e-01
 217   1.000000e-01
 224   1.000000e-01
 229   1.000000e-01
 234   1.000000e-01
 235   1.000000e-01
 236   1.000000e-01
 237   1.000000e-01
 238   1.000000e-01
 239   1.000000e-01
 246   1.000000e-01
 251   1.000000e-01
 256   1.000000e-01
 257   1.000000e-01
 258   1.000000e-01
 259   1.000000e-01
 260   1.000000e-01
 261   1.000000e-01
 262   1.000000e-01
 270   1.000000e-01
 275   1.000000e-01
 280   1.000000e-01
 281   1.000000e-01
 282   1.000000e-01
 283   1.000000e-01
 284   1.000000e-01
 285   1.000000e-01
 292   1.000000e-01
 297   1.000000e-01
 302   1.000000e-01
 303   1.000000e-01
 304   1.000000e-01
 305   1.000000e-01
 306   1.000000e-01
 307   1.000000e-01
 314   1.000000e-01
 319   1.000000e-01
 324   1.000000e-01
 325   1.000000e-01
 326   1.000000e-01
 327   1.000000e-01
 328   1.000000e-01
 329   1.000000e-01
 336   1.000000e-01
 341   1.000000e-01
 346   1.000000e-01
 347   1.000000e-01
 348   1.000000e-01
 349   1.000000e-01
 350   1.000000e-01
 351   1.000000e-01
 352   1.000000e-01
 360   1.000000e-01
 365   1.000000e-01
 370   1.000000e-01
 371   1.000000e-01
 372   1.000000e-01
 373   1.000000e-01
 374   1.000000e-01
 375   1.000000e-01
 382   1.000000e-01
 387   1.000000e-01
 392   1.000000e-01
 393   1.000000e-01
 394   1.000000e-01
 395   1.000000e-01
 396   1.000000e-01
 397   1.000000e-01
 404   1.000000e-01
 409   1.000000e-01
 414   1.000000e-01
 415   1.000000e-01
 416   1.000000e-01
 417   1.000000e-01
 418   1.000000e-01
 419   1.000000e-01
 426   1.000000e-01
 431   1.000000e-01
 436   1.000000e-01
 437   1.000000e-01
 438   1.000000e-01
 439   1.000000e-01
 440   1.000000e-01
 441   1.000000e-01
 442   1.000000e-01
 450   1.000000e-01
 455   1.000000e-01
 460   1.000000e-01
 461   1.000000e-01
 462   1.000000e-01
 463   1.000000e-01
 464   1.000000e-01
 465   1.000000e-01
 472   1.000000e-01
 477   1.000000e-01
 482   1.000000e-01
 483   1.000000e-01
 484   1.000000e-01
 485   1.000000e-01
 486   1.000000e-01
 487   1.000000e-01
 494   1.000000e-01
 499   1.000000e-01
 504   1.000000e-01
 505   1.000000e-01
 506   1.000000e-01
 507   1.000000e-01
 508   1.000000e-01
 509   1.000000e-01
 516   1.000000e-01
 521   1.000000e-01
 526   1.000000e-01
 527   1.000000e-01
 528   1.000000e-01
 529   1.000000e-01
 530   1.000000e-01
 531   1.000000e-01
 532   1.000000e-01
 540   1.000000e-01
 545   1.000000e-01
 550   1.000000e-01
 551   1.000000e-01
 552   1.000000e-01
 553   1.000000e-01
 554   1.000000e-01
 555   1.000000e-01
 562   1.000000e-01
 567   1.000000e-01
 572   1.000000e-01
 573   1.000000e-01
 574   1.000000e-01
 575   1.000000e-01
 576   1.000000e-01
 577   1.000000e-01
 584   1.000000e-01
 589   1.000000e-01
 594   1.000000e-01
 595   1.000000e-01
 596   1.000000e-01
 597   1.000000e-01
 598   1.000000e-01
 599   1.000000e-01
 606   1.000000e-01
 611   1.000000e-01
 616   1.000000e-01
 617   1.000000e-01
 618   1.000000e-01
 619   1.000000e-01
 620   1.000000e-01
 621   1.000000e-01
 622   1.000000e-01
 630   1.000000e-01
 635   1.000000e-01
 640   1.000000e-01
 641   1.000000e-01
 642   1.000000e-01
 643   1.000000e-01
 644   1.000000e-01
 645   1.000000e-01
 652   1.000000e-01
 657   1.000000e-01
 662   1.000000e-01
 663   1.000000e-01
 664   1.000000e-01
 665   1.000000e-01
 666   1.000000e-01
 667   1.000000e-01
 674   1.000000e-01
 679   1.000000e-01
 684   1.000000e-01
 685   1.000000e-01
 686   1.000000e-01
 687   1.000000e-01
 688   1.000000e-01
 689   1.000000e-01
 696   1.000000e-01
 701   1.000000e-01
 706   1.000000e-01
 707   1.000000e-01
 708   1.000000e-01
 709   1.000000e-01
 710   1.000000e-01
 711   1.000000e-01
 712   1.000000e-01
 720   1.000000e-01
 725   1.000000e-01
 730   1.000000e-01
 731   1.000000e-01
 732   1.000000e-01
 733   1.000000e-01
 734   1.000000e-01
 735   1.000000e-01
 742   1.000000e-01
 747   1.000000e-01
 752   1.000000e-01
 753   1.000000e-01
 754   1.000000e-01
 755   1.000000e-01
 756   1.000000e-01
 757   1.000000e-01
 764   1.000000e-01
 769   1.000000e-01
 774   1.000000e-01
 775   1.000000e-01
 776   1.000000e-01
 777   1.000000e-01
 778   1.000000e-01
 779   1.000000e-01
 786   1.000000e-01
 791   1.000000e-01
 796   1.000000e-01
 797   1.000000e-01
 798   1.000000e-01
 799   1.000000e-01
 800   1.000000e-01
 801   1.000000e-01
 802   1.000000e-01
 810   1.000000e-01
 815   1.000000e-01
 820   1.000000e-01
 821   1.000000e-01
 822   1.000000e-01
 823   1.000000e-01
 824   1.000000e-01
 825   1.000000e-01
 832   1.000000e-01
 837   1.000000e-01
 842   1.000000e-01
 843   1.000000e-01
 844   1.000000e-01
 845   1.000000e-01
 846   1.000000e-01
 847   1.000000e-01
 854   1.000000e-01
 859   1.000000e-01
 864   1.000000e-01
 865   1.000000e-01
 866   1.000000e-01
 867   1.000000e-01
 868   1.000000e-01
 869   1.000000e-01
 876   1.000000e-01
 881   1.000000e-01
 886   1.000000e-01
 887   1.000000e-01
 888   1.000000e-01
 889   1.000000e-01
 890   1.000000e-01
 891   1.000000e-01
 892   1.000000e-01
 -10
element with heat generation
 -10
element and gauss pt. with stress and stress vector in xx,yy,zz,xy,zx,yz
 -10 
