   numel numnp nmat nmode plane_stress_flag  This is cir1
78  58    1    -5    0
matl no., E modulus, Poisson Ratio, density
  0  10000000.0000    0.3000 2238.3000
 el no., connectivity, matl no
   0       4    42    43     0
   1      27    38    33     0
   2       1     2    43     0
   3      49    29    32     0
   4      32    43    42     0
   5      21    36    20     0
   6      21    22    35     0
   7      34    42     6     0
   8      28    36    35     0
   9      34     6     7     0
  10      39     9    40     0
  11      39     8     9     0
  12      39     7     8     0
  13      40    12    38     0
  14      14    33    38     0
  15      15    16    41     0
  16       3    43     2     0
  17      12    13    38     0
  18      27    30    38     0
  19      14    15    33     0
  20      32    34    26     0
  21      38    30    40     0
  22      41    16    17     0
  23      48    28    25     0
  24      36    18    19     0
  25      34     7    39     0
  26      36    41    18     0
  27       0     1    37     0
  28      27    33    31     0
  29      20    36    19     0
  30      51    26    30     0
  31      21    35    36     0
  32      18    41    17     0
  33      39    26    34     0
  34      24    49    54     0
  35      31    48    27     0
  36      46    54    51     0
  37      43    29    37     0
  38       3     4    43     0
  39      47    48    25     0
  40      13    14    38     0
  41      36    31    41     0
  42      28    31    36     0
  43      11    40    10     0
  44      49    32    26     0
  45      42     4     5     0
  46      40     9    10     0
  47      26    39    30     0
  48      40    11    12     0
  49      39    40    30     0
  50      31    33    41     0
  51      15    41    33     0
  52       6    42     5     0
  53      34    32    42     0
  54      29    43    32     0
  55       1    43    37     0
  56      46    47    50     0
  57      46    44    52     0
  58      55    57    50     0
  59      48    47    56     0
  60      47    45    50     0
  61      56    46    51     0
  62      28    48    31     0
  63      45    47    53     0
  64      54    49    26     0
  65      29    49    24     0
  66      47    25    53     0
  67      30    27    51     0
  68      56    51    27     0
  69      44    46    50     0
  70      52    24    46     0
  71      51    54    26     0
  72      24    54    46     0
  73      50    45    55     0
  74      48    56    27     0
  75      46    56    47     0
  76      57    55    23     0
  77      57    44    50     0
node no., coordinates
   0    6.1230320000000003e-17  -1.0
   1    0.071339180000000002  -0.99745209999999995
   2    0.14231479999999999  -0.98982139999999996
   3    0.21256530000000001  -0.97714690000000004
   4    0.2817326  -0.95949300000000004
   5    0.3494642  -0.9369497
   6    0.41541499999999998  -0.909632
   7    0.47924899999999998  -0.87767899999999999
   8    0.54064080000000003  -0.84125349999999999
   9    0.59927770000000002  -0.80054119999999995
  10    0.65486069999999996  -0.75574960000000002
  11    0.70710680000000004  -0.70710680000000004
  12    0.75574960000000002  -0.65486069999999996
  13    0.80054119999999995  -0.59927770000000002
  14    0.84125349999999999  -0.54064080000000003
  15    0.87767899999999999  -0.47924899999999998
  16    0.909632  -0.41541499999999998
  17    0.9369497  -0.3494642
  18    0.95949300000000004  -0.2817326
  19    0.97714690000000004  -0.21256530000000001
  20    0.98982139999999996  -0.14231479999999999
  21    0.99745209999999995  -0.071339180000000002
  22    1.0                  -4.7184480000000001e-16
  23    0.0                   0.0
  24    3.0615160000000001e-17  -0.5
  25    0.5  -2.3592240000000001e-16
  26    0.30395006896765703  -0.60721472180957725
  27    0.56643932864678603  -0.33608369828003926
  28    0.75  -3.5388359999999999e-16
  29    4.5922740000000002e-17  -0.75
  30    0.52787384367231438  -0.56697641110242614
  31    0.75499842994739419  -0.25128746900734789
  32    0.1984192475677479  -0.77739885341271309
  33    0.71456055674704588  -0.42396823325321176
  34    0.3765311346185255  -0.75221330550304999
  35    0.875  -4.128642e-16
  36    0.85245462063292377  -0.15379987989497593
  37    5.3576530000000002e-17  -0.875
  38    0.68129536712280492  -0.5490225322666612
  39    0.50008117931672735  -0.72025372527607168
  40    0.60636051540404012  -0.6512771195312772
  41    0.82390669831869046  -0.34127336031246758
  42    0.28257476777126178  -0.84900147320006392
  43    0.15887321492700437  -0.88057441412911852
  44    1.5307580000000001e-17  -0.25
  45    0.25  -1.179612e-16
  46    0.21497662740199736  -0.375
  47    0.37499999999999994  -0.19931979665774502
  48    0.59841973722603725  -0.15515265191461994
  49    0.12963687952047218  -0.61693526613203398
  50    0.18169316605741401  -0.18169316605741406
  51    0.38969653181543851  -0.44120830858212867
  52    2.2961370000000001e-17  -0.375
  53    0.375  -1.7694179999999999e-16
  54    0.21108148090947265  -0.50964495062914394
  55    0.125  -5.8980600000000002e-17
  56    0.43547522763217444  -0.31703619331802374
  57    7.6537900000000003e-18  -0.125
prescribed displacement x: node  disp value 
  0   0.00000000e+00
 23   0.00000000e+00
 24   0.00000000e+00
 29   0.00000000e+00
 37   0.00000000e+00
 44   0.00000000e+00
 52   0.00000000e+00
 57   0.00000000e+00
 -10 
prescribed displacement y: node  disp value 
 22   0.00000000e+00
 23   0.00000000e+00
 25   0.00000000e+00
 28   0.00000000e+00
 35   0.00000000e+00
 45   0.00000000e+00
 53   0.00000000e+00
 55   0.00000000e+00
 -10 
node with point load and load vector in x,y 
   0   1.000                  0.000000
   1   0.99745209999999995    0.071339180000000002  
   2   0.98982139999999996    0.14231479999999999  
   3   0.97714690000000004    0.21256530000000001  
   4   0.95949300000000004    0.2817326  
   5   0.9369497              0.3494642  
   6   0.909632               0.41541499999999998  
   7   0.87767899999999999    0.47924899999999998  
   8   0.84125349999999999    0.54064080000000003  
   9   0.80054119999999995    0.59927770000000002  
  10   0.75574960000000002    0.65486069999999996  
  11   0.70710680000000004    0.70710680000000004  
  12   0.65486069999999996    0.75574960000000002  
  13   0.59927770000000002    0.80054119999999995  
  14   0.54064080000000003    0.84125349999999999  
  15   0.47924899999999998    0.87767899999999999  
  16   0.41541499999999998    0.909632  
  17   0.3494642              0.9369497  
  18   0.2817326              0.95949300000000004  
  19   0.21256530000000001    0.97714690000000004  
  20   0.14231479999999999    0.98982139999999996  
  21   0.071339180000000002   0.99745209999999995  
  22   0.0                    1.0000  
 -10
node no. with stress and stress vector in xx,yy,xy 
 -10 


This mesh was generated with the assistance of:

Triangle
A Two-Dimensional Quality Mesh Generator and Delaunay Triangulator.
Version 1.3

made by Jonathan Richard Shewchuk
School of Computer Science
Carnegie Mellon University
5000 Forbes Avenue
Pittsburgh, Pennsylvania  15213-3891
Please send bugs and comments to jrs@cs.cmu.edu

