numel numnp nmat  nmode  plane_stress_flag This is the vessel
430 221  1  0   0
matl no., E mod., Poiss. Ratio, density, thickness
  0  30e6  0.3   2233.0000  0.327
 el no., connectivity, matl no
   0         0         1        11         0
   1        11        10         0         0
   2         1         2        12         0
   3        12        11         1         0
   4         2         3        13         0
   5        13        12         2         0
   6         3         4        14         0
   7        14        13         3         0
   8         4         5        15         0
   9        15        14         4         0
  10         5         6        16         0
  11        16        15         5         0
  12         6         7        17         0
  13        17        16         6         0
  14         7         8        18         0
  15        18        17         7         0
  16         8         9        19         0
  17        19        18         8         0
  18         9         0        10         0
  19        10        19         9         0
  20        10        11        21         0
  21        21        20        10         0
  22        11        12        22         0
  23        22        21        11         0
  24        12        13        23         0
  25        23        22        12         0
  26        13        14        24         0
  27        24        23        13         0
  28        14        15        25         0
  29        25        24        14         0
  30        15        16        26         0
  31        26        25        15         0
  32        16        17        27         0
  33        27        26        16         0
  34        17        18        28         0
  35        28        27        17         0
  36        18        19        29         0
  37        29        28        18         0
  38        19        10        20         0
  39        20        29        19         0
  40        20        21        31         0
  41        31        30        20         0
  42        21        22        32         0
  43        32        31        21         0
  44        22        23        33         0
  45        33        32        22         0
  46        23        24        34         0
  47        34        33        23         0
  48        24        25        35         0
  49        35        34        24         0
  50        25        26        36         0
  51        36        35        25         0
  52        26        27        37         0
  53        37        36        26         0
  54        27        28        38         0
  55        38        37        27         0
  56        28        29        39         0
  57        39        38        28         0
  58        29        20        30         0
  59        30        39        29         0
  60        30        31        41         0
  61        41        40        30         0
  62        31        32        42         0
  63        42        41        31         0
  64        32        33        43         0
  65        43        42        32         0
  66        33        34        44         0
  67        44        43        33         0
  68        34        35        45         0
  69        45        44        34         0
  70        35        36        46         0
  71        46        45        35         0
  72        36        37        47         0
  73        47        46        36         0
  74        37        38        48         0
  75        48        47        37         0
  76        38        39        49         0
  77        49        48        38         0
  78        39        30        40         0
  79        40        49        39         0
  80        40        41        51         0
  81        51        50        40         0
  82        41        42        52         0
  83        52        51        41         0
  84        42        43        53         0
  85        53        52        42         0
  86        43        44        54         0
  87        54        53        43         0
  88        44        45        55         0
  89        55        54        44         0
  90        45        46        56         0
  91        56        55        45         0
  92        46        47        57         0
  93        57        56        46         0
  94        47        48        58         0
  95        58        57        47         0
  96        48        49        59         0
  97        59        58        48         0
  98        49        40        50         0
  99        50        59        49         0
 100        50        51        61         0
 101        61        60        50         0
 102        51        52        62         0
 103        62        61        51         0
 104        52        53        63         0
 105        63        62        52         0
 106        53        54        64         0
 107        64        63        53         0
 108        54        55        65         0
 109        65        64        54         0
 110        55        56        66         0
 111        66        65        55         0
 112        56        57        67         0
 113        67        66        56         0
 114        57        58        68         0
 115        68        67        57         0
 116        58        59        69         0
 117        69        68        58         0
 118        59        50        60         0
 119        60        69        59         0
 120        60        61        71         0
 121        71        70        60         0
 122        61        62        72         0
 123        72        71        61         0
 124        62        63        73         0
 125        73        72        62         0
 126        63        64        74         0
 127        74        73        63         0
 128        64        65        75         0
 129        75        74        64         0
 130        65        66        76         0
 131        76        75        65         0
 132        66        67        77         0
 133        77        76        66         0
 134        67        68        78         0
 135        78        77        67         0
 136        68        69        79         0
 137        79        78        68         0
 138        69        60        70         0
 139        70        79        69         0
 140        70        71        81         0
 141        81        80        70         0
 142        71        72        82         0
 143        82        81        71         0
 144        72        73        83         0
 145        83        82        72         0
 146        73        74        84         0
 147        84        83        73         0
 148        74        75        85         0
 149        85        84        74         0
 150        75        76        86         0
 151        86        85        75         0
 152        76        77        87         0
 153        87        86        76         0
 154        77        78        88         0
 155        88        87        77         0
 156        78        79        89         0
 157        89        88        78         0
 158        79        70        80         0
 159        80        89        79         0
 160        80        81        91         0
 161        91        90        80         0
 162        81        82        92         0
 163        92        91        81         0
 164        82        83        93         0
 165        93        92        82         0
 166        83        84        94         0
 167        94        93        83         0
 168        84        85        95         0
 169        95        94        84         0
 170        85        86        96         0
 171        96        95        85         0
 172        86        87        97         0
 173        97        96        86         0
 174        87        88        98         0
 175        98        97        87         0
 176        88        89        99         0
 177        99        98        88         0
 178        89        80        90         0
 179        90        99        89         0
 180        90        91       101         0
 181       101       100        90         0
 182        91        92       102         0
 183       102       101        91         0
 184        92        93       103         0
 185       103       102        92         0
 186        93        94       104         0
 187       104       103        93         0
 188        94        95       105         0
 189       105       104        94         0
 190        95        96       106         0
 191       106       105        95         0
 192        96        97       107         0
 193       107       106        96         0
 194        97        98       108         0
 195       108       107        97         0
 196        98        99       109         0
 197       109       108        98         0
 198        99        90       100         0
 199       100       109        99         0
 200       100       101       111         0
 201       111       110       100         0
 202       101       102       112         0
 203       112       111       101         0
 204       102       103       113         0
 205       113       112       102         0
 206       103       104       114         0
 207       114       113       103         0
 208       104       105       115         0
 209       115       114       104         0
 210       105       106       116         0
 211       116       115       105         0
 212       106       107       117         0
 213       117       116       106         0
 214       107       108       118         0
 215       118       117       107         0
 216       108       109       119         0
 217       119       118       108         0
 218       109       100       110         0
 219       110       119       109         0
 220       110       111       121         0
 221       121       120       110         0
 222       111       112       122         0
 223       122       121       111         0
 224       112       113       123         0
 225       123       122       112         0
 226       113       114       124         0
 227       124       123       113         0
 228       114       115       125         0
 229       125       124       114         0
 230       115       116       126         0
 231       126       125       115         0
 232       116       117       127         0
 233       127       126       116         0
 234       117       118       128         0
 235       128       127       117         0
 236       118       119       129         0
 237       129       128       118         0
 238       119       110       120         0
 239       120       129       119         0
 240       120       121       131         0
 241       131       130       120         0
 242       121       122       132         0
 243       132       131       121         0
 244       122       123       133         0
 245       133       132       122         0
 246       123       124       134         0
 247       134       133       123         0
 248       124       125       135         0
 249       135       134       124         0
 250       125       126       136         0
 251       136       135       125         0
 252       126       127       137         0
 253       137       136       126         0
 254       127       128       138         0
 255       138       137       127         0
 256       128       129       139         0
 257       139       138       128         0
 258       129       120       130         0
 259       130       139       129         0
 260       130       131       141         0
 261       141       140       130         0
 262       131       132       142         0
 263       142       141       131         0
 264       132       133       143         0
 265       143       142       132         0
 266       133       134       144         0
 267       144       143       133         0
 268       134       135       145         0
 269       145       144       134         0
 270       135       136       146         0
 271       146       145       135         0
 272       136       137       147         0
 273       147       146       136         0
 274       137       138       148         0
 275       148       147       137         0
 276       138       139       149         0
 277       149       148       138         0
 278       139       130       140         0
 279       140       149       139         0
 280       140       141       151         0
 281       151       150       140         0
 282       141       142       152         0
 283       152       151       141         0
 284       142       143       153         0
 285       153       152       142         0
 286       143       144       154         0
 287       154       153       143         0
 288       144       145       155         0
 289       155       154       144         0
 290       145       146       156         0
 291       156       155       145         0
 292       146       147       157         0
 293       157       156       146         0
 294       147       148       158         0
 295       158       157       147         0
 296       148       149       159         0
 297       159       158       148         0
 298       149       140       150         0
 299       150       159       149         0
 300       150       151       161         0
 301       161       160       150         0
 302       151       152       162         0
 303       162       161       151         0
 304       152       153       163         0
 305       163       162       152         0
 306       153       154       164         0
 307       164       163       153         0
 308       154       155       165         0
 309       165       164       154         0
 310       155       156       166         0
 311       166       165       155         0
 312       156       157       167         0
 313       167       166       156         0
 314       157       158       168         0
 315       168       167       157         0
 316       158       159       169         0
 317       169       168       158         0
 318       159       150       160         0
 319       160       169       159         0
 320       160       161       171         0
 321       171       170       160         0
 322       161       162       172         0
 323       172       171       161         0
 324       162       163       173         0
 325       173       172       162         0
 326       163       164       174         0
 327       174       173       163         0
 328       164       165       175         0
 329       175       174       164         0
 330       165       166       176         0
 331       176       175       165         0
 332       166       167       177         0
 333       177       176       166         0
 334       167       168       178         0
 335       178       177       167         0
 336       168       169       179         0
 337       179       178       168         0
 338       169       160       170         0
 339       170       179       169         0
 340       170       171       181         0
 341       181       180       170         0
 342       171       172       182         0
 343       182       181       171         0
 344       172       173       183         0
 345       183       182       172         0
 346       173       174       184         0
 347       184       183       173         0
 348       174       175       185         0
 349       185       184       174         0
 350       175       176       186         0
 351       186       185       175         0
 352       176       177       187         0
 353       187       186       176         0
 354       177       178       188         0
 355       188       187       177         0
 356       178       179       189         0
 357       189       188       178         0
 358       179       170       180         0
 359       180       189       179         0
 360       180       181       191         0
 361       191       190       180         0
 362       181       182       192         0
 363       192       191       181         0
 364       182       183       193         0
 365       193       192       182         0
 366       183       184       194         0
 367       194       193       183         0
 368       184       185       195         0
 369       195       194       184         0
 370       185       186       196         0
 371       196       195       185         0
 372       186       187       197         0
 373       197       196       186         0
 374       187       188       198         0
 375       198       197       187         0
 376       188       189       199         0
 377       199       198       188         0
 378       189       180       190         0
 379       190       199       189         0
 380       190       191       201         0
 381       201       200       190         0
 382       191       192       202         0
 383       202       201       191         0
 384       192       193       203         0
 385       203       202       192         0
 386       193       194       204         0
 387       204       203       193         0
 388       194       195       205         0
 389       205       204       194         0
 390       195       196       206         0
 391       206       205       195         0
 392       196       197       207         0
 393       207       206       196         0
 394       197       198       208         0
 395       208       207       197         0
 396       198       199       209         0
 397       209       208       198         0
 398       199       190       200         0
 399       200       209       199         0
 400       200       201       211         0
 401       211       210       200         0
 402       201       202       212         0
 403       212       211       201         0
 404       202       203       213         0
 405       213       212       202         0
 406       203       204       214         0
 407       214       213       203         0
 408       204       205       215         0
 409       215       214       204         0
 410       205       206       216         0
 411       216       215       205         0
 412       206       207       217         0
 413       217       216       206         0
 414       207       208       218         0
 415       218       217       207         0
 416       208       209       219         0
 417       219       218       208         0
 418       209       200       210         0
 419       210       219       209         0
 420       210       211       212         0
 421       212       220       210         0
 422       212       213       214         0
 423       214       220       212         0
 424       214       215       216         0
 425       216       220       214         0
 426       216       217       218         0
 427       218       220       216         0
 428       218       219       210         0
 429       210       220       218         0
node no., coordinates
0  10  0  0
1  8.09017  5.87785  0
2  3.09017  9.51056  0
3  -3.09017  9.51056  0
4  -8.09017  5.87785  0
5  -10  -8.74228e-07  0
6  -8.09017  -5.87785  0
7  -3.09017  -9.51056  0
8  3.09017  -9.51056  0
9  8.09017  -5.87785  0

10  9.96892  0  0.786654
11  8.06503  5.85958  0.786654
12  3.08057  9.48101  0.786654
13  -3.08057  9.48101  0.786654
14  -8.06503  5.85958  0.786654
15  -9.96892  -8.71511e-07  0.786654
16  -8.06503  -5.85958  0.786654
17  -3.08057  -9.48101  0.786654
18  3.08057  -9.48101  0.786654
19  8.06503  -5.85958  0.786654

20  9.87677  0  1.56475
21  7.99047  5.80542  1.56475
22  3.05209  9.39337  1.56475
23  -3.05209  9.39337  1.56475
24  -7.99048  5.80542  1.56475
25  -9.87677  -8.63455e-07  1.56475
26  -7.99047  -5.80542  1.56475
27  -3.05209  -9.39337  1.56475
28  3.05209  -9.39337  1.56475
29  7.99048  -5.80542  1.56475

30  9.72366  0  2.33383
31  7.86661  5.71542  2.33383
32  3.00478  9.24775  2.33383
33  -3.00478  9.24775  2.33383
34  -7.86661  5.71542  2.33383
35  -9.72366  -8.50069e-07  2.33383
36  -7.86661  -5.71543  2.33383
37  -3.00478  -9.24775  2.33383
38  3.00478  -9.24775  2.33383
39  7.86661  -5.71542  2.33383

40  9.51054  0  3.08978
41  7.69419  5.59016  3.08978
42  2.93892  9.04506  3.08978
43  -2.93892  9.04506  3.08978
44  -7.69419  5.59015  3.08978
45  -9.51054  -8.31438e-07  3.08978
46  -7.69419  -5.59016  3.08978
47  -2.93892  -9.04506  3.08978
48  2.93892  -9.04506  3.08978
49  7.69419  -5.59015  3.08978

50  9.23875  0  3.82677
51  7.47431  5.4304  3.82677
52  2.85493  8.78657  3.82677
53  -2.85493  8.78657  3.82677
54  -7.47431  5.4304  3.82677
55  -9.23875  -8.07677e-07  3.82677
56  -7.47431  -5.4304  3.82677
57  -2.85493  -8.78657  3.82677
58  2.85493  -8.78657  3.82677
59  7.47431  -5.4304  3.82677

60  8.90995  0  4.53989
61  7.2083  5.23714  4.53989
62  2.75333  8.47387  4.53989
63  -2.75333  8.47387  4.53989
64  -7.2083  5.23714  4.53989
65  -8.90995  -7.78933e-07  4.53989
66  -7.2083  -5.23714  4.53989
67  -2.75333  -8.47387  4.53989
68  2.75333  -8.47387  4.53989
69  7.2083  -5.23713  4.53989

70  8.52602  0  5.22501
71  6.8977  5.01147  5.22501
72  2.63468  8.10873  5.22501
73  -2.63469  8.10873  5.22501
74  -6.8977  5.01147  5.22501
75  -8.52602  -7.45368e-07  5.22501
76  -6.89769  -5.01147  5.22501
77  -2.63469  -8.10873  5.22501
78  2.63469  -8.10873  5.22501
79  6.8977  -5.01147  5.22501

80  8.08947  0  5.87797
81  6.54452  4.75487  5.87797
82  2.49978  7.69354  5.87797
83  -2.49978  7.69354  5.87797
84  -6.54452  4.75487  5.87797
85  -8.08947  -7.07204e-07  5.87797
86  -6.54452  -4.75487  5.87797
87  -2.49978  -7.69354  5.87797
88  2.49978  -7.69354  5.87797
89  6.54452  -4.75487  5.87797

90  7.6037  0  6.49459
91  6.15152  4.46934  6.49459
92  2.34967  7.23155  6.49459
93  -2.34967  7.23155  6.49459
94  -6.15152  4.46934  6.49459
95  -7.6037  -6.64737e-07  6.49459
96  -6.15152  -4.46934  6.49459
97  -2.34967  -7.23155  6.49459
98  2.34967  -7.23155  6.49459
99  6.15152  -4.46934  6.49459

100  7.07167  0  7.07089
101  5.7211  4.15662  7.07089
102  2.18527  6.72556  7.07089
103  -2.18527  6.72556  7.07089
104  -5.7211  4.15662  7.07089
105  -7.07167  -6.18225e-07  7.07089
106  -5.7211  -4.15662  7.07089
107  -2.18527  -6.72556  7.07089
108  2.18527  -6.72556  7.07089
109  5.7211  -4.15662  7.07089

110  6.49481  0  7.60363
111  5.25441  3.81755  7.60363
112  2.00701  6.17693  7.60363
113  -2.00701  6.17693  7.60363
114  -5.25441  3.81755  7.60363
115  -6.49481  -5.67794e-07  7.60363
116  -5.25441  -3.81755  7.60363
117  -2.00701  -6.17693  7.60363
118  2.00701  -6.17693  7.60363
119  5.25441  -3.81755  7.60363

120  5.8755  0  8.0897
121  4.75338  3.45353  8.0897
122  1.81563  5.58793  8.0897
123  -1.81563  5.58793  8.0897
124  -4.75338  3.45353  8.0897
125  -5.8755  -5.13653e-07  8.0897
126  -4.75338  -3.45353  8.0897
127  -1.81563  -5.58793  8.0897
128  1.81563  -5.58793  8.0897
129  4.75338  -3.45353  8.0897

130  5.22292  0  8.52609
131  4.22543  3.06996  8.52609
132  1.61397  4.96729  8.52609
133  -1.61397  4.96729  8.52609
134  -4.22543  3.06996  8.52609
135  -5.22292  -4.56602e-07  8.52609
136  -4.22543  -3.06996  8.52609
137  -1.61397  -4.96729  8.52609
138  1.61397  -4.96729  8.52609
139  4.22543  -3.06995  8.52609

140  4.54692  0  8.90989
141  3.67854  2.67261  8.90989
142  1.40508  4.32438  8.90989
143  -1.40508  4.32438  8.90989
144  -3.67854  2.67261  8.90989
145  -4.54692  -3.97504e-07  8.90989
146  -3.67854  -2.67261  8.90989
147  -1.40508  -4.32438  8.90989
148  1.40508  -4.32438  8.90989
149  3.67854  -2.67261  8.90989

150  3.83728  0  9.23872
151  3.10442  2.2555  9.23872
152  1.18578  3.64947  9.23872
153  -1.18578  3.64947  9.23872
154  -3.10442  2.2555  9.23872
155  -3.83728  -3.35466e-07  9.23872
156  -3.10442  -2.2555  9.23872
157  -1.18579  -3.64947  9.23872
158  1.18579  -3.64947  9.23872
159  3.10443  -2.2555  9.23872

160  3.07279  0  9.51055
161  2.48594  1.80614  9.51055
162  0.949544  2.9224  9.51055
163  -0.949544  2.9224  9.51055
164  -2.48594  1.80614  9.51055
165  -3.07279  -2.68632e-07  9.51055
166  -2.48594  -1.80614  9.51055
167  -0.949545  -2.9224  9.51055
168  0.949545  -2.9224  9.51055
169  2.48594  -1.80614  9.51055

170  2.29048  0  9.72367
171  1.85304  1.34631  9.72367
172  0.707797  2.17838  9.72367
173  -0.707797  2.17838  9.72367
174  -1.85304  1.34631  9.72367
175  -2.29048  -2.0024e-07  9.72367
176  -1.85304  -1.34631  9.72367
177  -0.707797  -2.17838  9.72367
178  0.707798  -2.17838  9.72367
179  1.85304  -1.34631  9.72367

180  1.59481  0  9.87677
181  1.29023  0.937406  9.87677
182  0.492823  1.51675  9.87677
183  -0.492823  1.51675  9.87677
184  -1.29023  0.937406  9.87677
185  -1.59481  -1.39423e-07  9.87677
186  -1.29023  -0.937406  9.87677
187  -0.492824  -1.51675  9.87677
188  0.492824  -1.51675  9.87677
189  1.29023  -0.937405  9.87677

190  1.06182  0  9.96891
191  0.85903  0.624122  9.96891
192  0.32812  1.00985  9.96891
193  -0.32812  1.00985  9.96891
194  -0.85903  0.624122  9.96891
195  -1.06182  -9.28273e-08  9.96891
196  -0.85903  -0.624122  9.96891
197  -0.328121  -1.00985  9.96891
198  0.328121  -1.00985  9.96891
199  0.859031  -0.624122  9.96891

200  0.7  0  10
201  0.566312  0.41145  10
202  0.216312  0.66574  10
203  -0.216312  0.66574  10
204  -0.566312  0.41145  10
205  -0.7  -6.11959e-08  10
206  -0.566312  -0.41145  10
207  -0.216312  -0.66574  10
208  0.216312  -0.66574  10
209  0.566312  -0.411449  10

 210    0.250000000    0.000000000    9.935714286
 211    0.283155948    0.205724838    9.950000000
 212    0.077254249    0.237764129    9.935714286
 213   -0.108155948    0.332869781    9.950000000
 214   -0.202254249    0.146946313    9.935714286
 215   -0.350000000   -0.000000000    9.950000000
 216   -0.202254249   -0.146946313    9.935714286
 217   -0.108155948   -0.332869781    9.950000000
 218    0.077254249   -0.237764129    9.935714286
 219    0.283155948   -0.205724838    9.950000000
 220    0.000000000    0.000000000    9.920000000

prescribed displacement x: node  disp value
0  0.0
1  0.0
2  0.0
3  0.0
4  0.0
5  0.0
6  0.0
7  0.0
8  0.0
9  0.0
10  0.0
11  0.0
12  0.0
13  0.0
14  0.0
15  0.0
16  0.0
17  0.0
18  0.0
19  0.0
 -10
prescribed displacement y: node  disp value
0  0.0
1  0.0
2  0.0
3  0.0
4  0.0
5  0.0
6  0.0
7  0.0
8  0.0
9  0.0
10  0.0
11  0.0
12  0.0
13  0.0
14  0.0
15  0.0
16  0.0
17  0.0
18  0.0
19  0.0
 -10
prescribed displacement z: node  disp value
0  0.0
1  0.0
2  0.0
3  0.0
4  0.0
5  0.0
6  0.0
7  0.0
8  0.0
9  0.0
10  0.0
11  0.0
12  0.0
13  0.0
14  0.0
15  0.0
16  0.0
17  0.0
18  0.0
19  0.0
 -10
node with point load x, y, z and 2 moments phi x, phi y
100   0.0 -100.0   -10.0
101  58.8  -80.9   -10.0
102  95.1  -30.9   -10.0
103  95.1   30.9   -10.0
104  58.8   80.9   -10.0
105   0.0  100.0   -10.0
106 -58.8   80.9   -10.0
107 -95.1   30.9   -10.0
108 -95.1  -30.9   -10.0
109 -58.8  -80.9   -10.0
 -10
node no. with stress and stress vector in lamina xx,yy,xy,zx,yz
 -10


Note to San:

This file is based on the shell mesh, "bubble4node", which itself was based
on the shell mesh "bubble23".  The latter was generated using KeraMesh written
by Janos Erzinger in 2005.  See the file "bubble4node" in the shell data directory.



