   numel numnp nmat  nmode  plane_stress_flag This is the roof problem
    96    45    1    -5    1  
 matl no., E mod., Poiss., density, Ratio, thickness
   0  4.32e8  0.3   9290.0000    0.2
 el no., connectivity, matl no
   0         0         5         6         0
   1         6         1         0         0
   2         1         6         7         0
   3         7         2         1         0
   4         2         7         8         0
   5         8         3         2         0
   6         3         8         9         0
   7         9         4         3         0
   8         5        10        11         0
   9        11         6         5         0
  10         6        11        12         0
  11        12         7         6         0
  12         7        12        13         0
  13        13         8         7         0
  14         8        13        14         0
  15        14         9         8         0
  16        10        15        16         0
  17        16        11        10         0
  18        11        16        17         0
  19        17        12        11         0
  20        12        17        18         0
  21        18        13        12         0
  22        13        18        19         0
  23        19        14        13         0
  24        15        20        21         0
  25        21        16        15         0
  26        16        21        22         0
  27        22        17        16         0
  28        17        22        23         0
  29        23        18        17         0
  30        18        23        24         0
  31        24        19        18         0
  32         0         5        29         0
  33        29        25         0         0
  34        25        29        30         0
  35        30        26        25         0
  36        26        30        31         0
  37        31        27        26         0
  38        27        31        32         0
  39        32        28        27         0
  40         5        10        33         0
  41        33        29         5         0
  42        29        33        34         0
  43        34        30        29         0
  44        30        34        35         0
  45        35        31        30         0
  46        31        35        36         0
  47        36        32        31         0
  48        10        15        37         0
  49        37        33        10         0
  50        33        37        38         0
  51        38        34        33         0
  52        34        38        39         0
  53        39        35        34         0
  54        35        39        40         0
  55        40        36        35         0
  56        15        20        41         0
  57        41        37        15         0
  58        37        41        42         0
  59        42        38        37         0
  60        38        42        43         0
  61        43        39        38         0
  62        39        43        44         0
  63        44        40        39         0
  64        25        30         7         0
  65         7         1        25         0
  66        26        31         8         0
  67         8         2        26         0
  68        27        32         9         0
  69         9         3        27         0
  70        29        34        12         0
  71        12         6        29         0
  72        30        35        13         0
  73        13         7        30         0
  74        31        36        14         0
  75        14         8        31         0
  76        33        38        17         0
  77        17        11        33         0
  78        34        39        18         0
  79        18        12        34         0
  80        35        40        19         0
  81        19        13        35         0
  82        37        42        22         0
  83        22        16        37         0
  84        38        43        23         0
  85        23        17        38         0
  86        39        44        24         0
  87        24        18        39         0
  88        25        29         6         0
  89         6         1        25         0
  90        29        33        11         0
  91        11         6        29         0
  92        33        37        16         0
  93        16        11        33         0
  94        37        41        21         0
  95        21        16        37         0
node no., coordinates
  0  16.23040   0.00000  19.34261
  1  12.62502   0.00000  21.86713
  2   8.63603   0.00000  23.72723
  3   4.38465   0.00000  24.86639
  4   0.00004   0.00000  25.25000
  5  16.23040   6.25000  19.34261
  6  12.62502   6.25000  21.86713
  7   8.63603   6.25000  23.72723
  8   4.38465   6.25000  24.86639
  9   0.00004   6.25000  25.25000
 10  16.23040  12.50000  19.34261
 11  12.62502  12.50000  21.86713
 12   8.63603  12.50000  23.72723
 13   4.38465  12.50000  24.86639
 14   0.00004  12.50000  25.25000
 15  16.23040  18.75000  19.34261
 16  12.62502  18.75000  21.86713
 17   8.63603  18.75000  23.72723
 18   4.38465  18.75000  24.86639
 19   0.00004  18.75000  25.25000
 20  16.23040  25.00000  19.34261
 21  12.62502  25.00000  21.86713
 22   8.63603  25.00000  23.72723
 23   4.38465  25.00000  24.86639
 24   0.00004  25.00000  25.25000

 25  12.50002   0.00000  19.34261
 26   8.55053   0.00000  19.34261
 27   4.34123   0.00000  19.34261
 28   0.00003   0.00000  19.34261
 29  12.50002   6.25000  19.34261
 30   8.55053   6.25000  19.34261
 31   4.34123   6.25000  19.34261
 32   0.00003   6.25000  19.34261
 33  12.50002  12.50000  19.34261
 34   8.55053  12.50000  19.34261
 35   4.34123  12.50000  19.34261
 36   0.00003  12.50000  19.34261
 37  12.50002  18.75000  19.34261
 38   8.55053  18.75000  19.34261
 39   4.34123  18.75000  19.34261
 40   0.00003  18.75000  19.34261
 41  12.50002  25.00000  19.34261
 42   8.55053  25.00000  19.34261
 43   4.34123  25.00000  19.34261
 44   0.00003  25.00000  19.34261
prescribed displacement x: node  disp value
   0   0.00
   1   0.00
   2   0.00
   3   0.00
   4   0.00
   9   0.00
  14   0.00
  19   0.00
  25   0.00
  24   0.00
  26   0.00
  27   0.00
  28   0.00
  32   0.00
  36   0.00
  40   0.00
  44   0.00
 -10
prescribed displacement y: node  disp value
   0   0.00
   1   0.00
   2   0.00
   3   0.00
   4   0.00
  20   0.00
  21   0.00
  22   0.00
  23   0.00
  24   0.00
  25   0.00
  26   0.00
  27   0.00
  44   0.00
  41   0.00
  42   0.00
  43   0.00
  44   0.00
 -10
prescribed displacement z: node  disp value
   0   0.00
   1   0.00
   2   0.00
   3   0.00
   4   0.00
  25   0.00
  26   0.00
  27   0.00
  28   0.00
 -10
node with point load x, y, z and 2 moments phi x, phi y
  5    0.0  0.0  -1227.18
  6    0.0  0.0  -2454.36
  7    0.0  0.0  -2454.36
  8    0.0  0.0  -2454.36
  9    0.0  0.0  -1227.18
 10    0.0  0.0  -1270.18
 11    0.0  0.0  -2454.36
 12    0.0  0.0  -2454.36
 13    0.0  0.0  -2454.36
 14    0.0  0.0  -1227.18
 15    0.0  0.0  -1227.18
 16    0.0  0.0  -2454.36
 17    0.0  0.0  -2454.36
 18    0.0  0.0  -2454.36
 19    0.0  0.0  -1227.18
 20    0.0  0.0   -613.59
 21    0.0  0.0  -1227.18
 22    0.0  0.0  -1227.18
 23    0.0  0.0  -1227.18
 24    0.0  0.0   -613.59
 -10
node no. with stress and stress vector in lamina xx,yy,xy,zx,yz
 -10

Generated from meshcyl.c
elements in horizontal: 4
elements in vertical: 4
Radius:   25
Angle:   40
Length:   25
Thickness:   .25

For the triangle element, this produces a singular global stiffness.

