numel numnp nmat  nmode  plane_stress_flag This is the vessel
400 210  1  0 0
matl no., E mod., Poiss., density, Ratio thickness
  0  4.32e6  0.0   9290.0000  0.2
 el no., connectivity, matl no
   0         0        10        11         0
   1        11         1         0         0
   2         1        11        12         0
   3        12         2         1         0
   4         2        12        13         0
   5        13         3         2         0
   6         3        13        14         0
   7        14         4         3         0
   8         4        14        15         0
   9        15         5         4         0
  10         5        15        16         0
  11        16         6         5         0
  12         6        16        17         0
  13        17         7         6         0
  14         7        17        18         0
  15        18         8         7         0
  16         8        18        19         0
  17        19         9         8         0
  18         9        19        10         0
  19        10         0         9         0
  20        10        20        21         0
  21        21        11        10         0
  22        11        21        22         0
  23        22        12        11         0
  24        12        22        23         0
  25        23        13        12         0
  26        13        23        24         0
  27        24        14        13         0
  28        14        24        25         0
  29        25        15        14         0
  30        15        25        26         0
  31        26        16        15         0
  32        16        26        27         0
  33        27        17        16         0
  34        17        27        28         0
  35        28        18        17         0
  36        18        28        29         0
  37        29        19        18         0
  38        19        29        20         0
  39        20        10        19         0
  40        20        30        31         0
  41        31        21        20         0
  42        21        31        32         0
  43        32        22        21         0
  44        22        32        33         0
  45        33        23        22         0
  46        23        33        34         0
  47        34        24        23         0
  48        24        34        35         0
  49        35        25        24         0
  50        25        35        36         0
  51        36        26        25         0
  52        26        36        37         0
  53        37        27        26         0
  54        27        37        38         0
  55        38        28        27         0
  56        28        38        39         0
  57        39        29        28         0
  58        29        39        30         0
  59        30        20        29         0
  60        30        40        41         0
  61        41        31        30         0
  62        31        41        42         0
  63        42        32        31         0
  64        32        42        43         0
  65        43        33        32         0
  66        33        43        44         0
  67        44        34        33         0
  68        34        44        45         0
  69        45        35        34         0
  70        35        45        46         0
  71        46        36        35         0
  72        36        46        47         0
  73        47        37        36         0
  74        37        47        48         0
  75        48        38        37         0
  76        38        48        49         0
  77        49        39        38         0
  78        39        49        40         0
  79        40        30        39         0
  80        40        50        51         0
  81        51        41        40         0
  82        41        51        52         0
  83        52        42        41         0
  84        42        52        53         0
  85        53        43        42         0
  86        43        53        54         0
  87        54        44        43         0
  88        44        54        55         0
  89        55        45        44         0
  90        45        55        56         0
  91        56        46        45         0
  92        46        56        57         0
  93        57        47        46         0
  94        47        57        58         0
  95        58        48        47         0
  96        48        58        59         0
  97        59        49        48         0
  98        49        59        50         0
  99        50        40        49         0
 100        50        60        61         0
 101        61        51        50         0
 102        51        61        62         0
 103        62        52        51         0
 104        52        62        63         0
 105        63        53        52         0
 106        53        63        64         0
 107        64        54        53         0
 108        54        64        65         0
 109        65        55        54         0
 110        55        65        66         0
 111        66        56        55         0
 112        56        66        67         0
 113        67        57        56         0
 114        57        67        68         0
 115        68        58        57         0
 116        58        68        69         0
 117        69        59        58         0
 118        59        69        60         0
 119        60        50        59         0
 120        60        70        71         0
 121        71        61        60         0
 122        61        71        72         0
 123        72        62        61         0
 124        62        72        73         0
 125        73        63        62         0
 126        63        73        74         0
 127        74        64        63         0
 128        64        74        75         0
 129        75        65        64         0
 130        65        75        76         0
 131        76        66        65         0
 132        66        76        77         0
 133        77        67        66         0
 134        67        77        78         0
 135        78        68        67         0
 136        68        78        79         0
 137        79        69        68         0
 138        69        79        70         0
 139        70        60        69         0
 140        70        80        81         0
 141        81        71        70         0
 142        71        81        82         0
 143        82        72        71         0
 144        72        82        83         0
 145        83        73        72         0
 146        73        83        84         0
 147        84        74        73         0
 148        74        84        85         0
 149        85        75        74         0
 150        75        85        86         0
 151        86        76        75         0
 152        76        86        87         0
 153        87        77        76         0
 154        77        87        88         0
 155        88        78        77         0
 156        78        88        89         0
 157        89        79        78         0
 158        79        89        80         0
 159        80        70        79         0
 160        80        90        91         0
 161        91        81        80         0
 162        81        91        92         0
 163        92        82        81         0
 164        82        92        93         0
 165        93        83        82         0
 166        83        93        94         0
 167        94        84        83         0
 168        84        94        95         0
 169        95        85        84         0
 170        85        95        96         0
 171        96        86        85         0
 172        86        96        97         0
 173        97        87        86         0
 174        87        97        98         0
 175        98        88        87         0
 176        88        98        99         0
 177        99        89        88         0
 178        89        99        90         0
 179        90        80        89         0
 180        90       100       101         0
 181       101        91        90         0
 182        91       101       102         0
 183       102        92        91         0
 184        92       102       103         0
 185       103        93        92         0
 186        93       103       104         0
 187       104        94        93         0
 188        94       104       105         0
 189       105        95        94         0
 190        95       105       106         0
 191       106        96        95         0
 192        96       106       107         0
 193       107        97        96         0
 194        97       107       108         0
 195       108        98        97         0
 196        98       108       109         0
 197       109        99        98         0
 198        99       109       100         0
 199       100        90        99         0
 200       100       110       111         0
 201       111       101       100         0
 202       101       111       112         0
 203       112       102       101         0
 204       102       112       113         0
 205       113       103       102         0
 206       103       113       114         0
 207       114       104       103         0
 208       104       114       115         0
 209       115       105       104         0
 210       105       115       116         0
 211       116       106       105         0
 212       106       116       117         0
 213       117       107       106         0
 214       107       117       118         0
 215       118       108       107         0
 216       108       118       119         0
 217       119       109       108         0
 218       109       119       110         0
 219       110       100       109         0
 220       110       120       121         0
 221       121       111       110         0
 222       111       121       122         0
 223       122       112       111         0
 224       112       122       123         0
 225       123       113       112         0
 226       113       123       124         0
 227       124       114       113         0
 228       114       124       125         0
 229       125       115       114         0
 230       115       125       126         0
 231       126       116       115         0
 232       116       126       127         0
 233       127       117       116         0
 234       117       127       128         0
 235       128       118       117         0
 236       118       128       129         0
 237       129       119       118         0
 238       119       129       120         0
 239       120       110       119         0
 240       120       130       131         0
 241       131       121       120         0
 242       121       131       132         0
 243       132       122       121         0
 244       122       132       133         0
 245       133       123       122         0
 246       123       133       134         0
 247       134       124       123         0
 248       124       134       135         0
 249       135       125       124         0
 250       125       135       136         0
 251       136       126       125         0
 252       126       136       137         0
 253       137       127       126         0
 254       127       137       138         0
 255       138       128       127         0
 256       128       138       139         0
 257       139       129       128         0
 258       129       139       130         0
 259       130       120       129         0
 260       130       140       141         0
 261       141       131       130         0
 262       131       141       142         0
 263       142       132       131         0
 264       132       142       143         0
 265       143       133       132         0
 266       133       143       144         0
 267       144       134       133         0
 268       134       144       145         0
 269       145       135       134         0
 270       135       145       146         0
 271       146       136       135         0
 272       136       146       147         0
 273       147       137       136         0
 274       137       147       148         0
 275       148       138       137         0
 276       138       148       149         0
 277       149       139       138         0
 278       139       149       140         0
 279       140       130       139         0
 280       140       150       151         0
 281       151       141       140         0
 282       141       151       152         0
 283       152       142       141         0
 284       142       152       153         0
 285       153       143       142         0
 286       143       153       154         0
 287       154       144       143         0
 288       144       154       155         0
 289       155       145       144         0
 290       145       155       156         0
 291       156       146       145         0
 292       146       156       157         0
 293       157       147       146         0
 294       147       157       158         0
 295       158       148       147         0
 296       148       158       159         0
 297       159       149       148         0
 298       149       159       150         0
 299       150       140       149         0
 300       150       160       161         0
 301       161       151       150         0
 302       151       161       162         0
 303       162       152       151         0
 304       152       162       163         0
 305       163       153       152         0
 306       153       163       164         0
 307       164       154       153         0
 308       154       164       165         0
 309       165       155       154         0
 310       155       165       166         0
 311       166       156       155         0
 312       156       166       167         0
 313       167       157       156         0
 314       157       167       168         0
 315       168       158       157         0
 316       158       168       169         0
 317       169       159       158         0
 318       159       169       160         0
 319       160       150       159         0
 320       160       170       171         0
 321       171       161       160         0
 322       161       171       172         0
 323       172       162       161         0
 324       162       172       173         0
 325       173       163       162         0
 326       163       173       174         0
 327       174       164       163         0
 328       164       174       175         0
 329       175       165       164         0
 330       165       175       176         0
 331       176       166       165         0
 332       166       176       177         0
 333       177       167       166         0
 334       167       177       178         0
 335       178       168       167         0
 336       168       178       179         0
 337       179       169       168         0
 338       169       179       170         0
 339       170       160       169         0
 340       170       180       181         0
 341       181       171       170         0
 342       171       181       182         0
 343       182       172       171         0
 344       172       182       183         0
 345       183       173       172         0
 346       173       183       184         0
 347       184       174       173         0
 348       174       184       185         0
 349       185       175       174         0
 350       175       185       186         0
 351       186       176       175         0
 352       176       186       187         0
 353       187       177       176         0
 354       177       187       188         0
 355       188       178       177         0
 356       178       188       189         0
 357       189       179       178         0
 358       179       189       180         0
 359       180       170       179         0
 360       180       190       191         0
 361       191       181       180         0
 362       181       191       192         0
 363       192       182       181         0
 364       182       192       193         0
 365       193       183       182         0
 366       183       193       194         0
 367       194       184       183         0
 368       184       194       195         0
 369       195       185       184         0
 370       185       195       196         0
 371       196       186       185         0
 372       186       196       197         0
 373       197       187       186         0
 374       187       197       198         0
 375       198       188       187         0
 376       188       198       199         0
 377       199       189       188         0
 378       189       199       190         0
 379       190       180       189         0
 380       190       200       201         0
 381       201       191       190         0
 382       191       201       202         0
 383       202       192       191         0
 384       192       202       203         0
 385       203       193       192         0
 386       193       203       204         0
 387       204       194       193         0
 388       194       204       205         0
 389       205       195       194         0
 390       195       205       206         0
 391       206       196       195         0
 392       196       206       207         0
 393       207       197       196         0
 394       197       207       208         0
 395       208       198       197         0
 396       198       208       209         0
 397       209       199       198         0
 398       199       209       200         0
 399       200       190       199         0
node no., coordinates
0  20.6  0  10
1  16.6658  12.1084  10
2  6.36575  19.5918  10
3  -6.36575  19.5918  10
4  -16.6658  12.1084  10
5  -20.6  -1.80091e-06  10
6  -16.6657  -12.1084  10
7  -6.36575  -19.5918  10
8  6.36575  -19.5918  10
9  16.6658  -12.1084  10

10  21.4948  0  10.1232
11  17.3897  12.6343  10.1232
12  6.64226  20.4428  10.1232
13  -6.64226  20.4428  10.1232
14  -17.3897  12.6343  10.1232
15  -21.4948  -1.87914e-06  10.1232
16  -17.3897  -12.6343  10.1232
17  -6.64226  -20.4428  10.1232
18  6.64226  -20.4428  10.1232
19  17.3897  -12.6343  10.1232

20  22.9728  0  10.4894
21  18.5854  13.5031  10.4894
22  7.09898  21.8484  10.4894
23  -7.09899  21.8484  10.4894
24  -18.5854  13.5031  10.4894
25  -22.9728  -2.00835e-06  10.4894
26  -18.5854  -13.5031  10.4894
27  -7.09899  -21.8484  10.4894
28  7.09899  -21.8484  10.4894
29  18.5854  -13.5031  10.4894

30  24.4469  0  11.0901
31  19.778  14.3695  11.0901
32  7.55451  23.2504  11.0901
33  -7.55451  23.2504  11.0901
34  -19.778  14.3695  11.0901
35  -24.4469  -2.13722e-06  11.0901
36  -19.778  -14.3695  11.0901
37  -7.55451  -23.2504  11.0901
38  7.55451  -23.2504  11.0901
39  19.778  -14.3695  11.0901

40  25.7755  0  11.9103
41  20.8528  15.1505  11.9103
42  7.96507  24.514  11.9103
43  -7.96507  24.514  11.9103
44  -20.8528  15.1505  11.9103
45  -25.7755  -2.25337e-06  11.9103
46  -20.8528  -15.1505  11.9103
47  -7.96507  -24.514  11.9103
48  7.96507  -24.514  11.9103
49  20.8528  -15.1504  11.9103

50  26.9717  0  12.9291
51  21.8206  15.8536  12.9291
52  8.33471  25.6516  12.9291
53  -8.33471  25.6516  12.9291
54  -21.8206  15.8536  12.9291
55  -26.9717  -2.35794e-06  12.9291
56  -21.8206  -15.8536  12.9291
57  -8.33472  -25.6516  12.9291
58  8.33472  -25.6516  12.9291
59  21.8206  -15.8536  12.9291

60  27.9895  0  14.122
61  22.644  16.4518  14.122
62  8.64923  26.6196  14.122
63  -8.64923  26.6196  14.122
64  -22.644  16.4518  14.122
65  -27.9895  -2.44692e-06  14.122
66  -22.644  -16.4518  14.122
67  -8.64923  -26.6196  14.122
68  8.64923  -26.6196  14.122
69  22.644  -16.4518  14.122

70  28.81  0  15.4602
71  23.3078  16.9341  15.4602
72  8.90278  27.3999  15.4602
73  -8.90278  27.3999  15.4602
74  -23.3078  16.9341  15.4602
75  -28.81  -2.51865e-06  15.4602
76  -23.3078  -16.9341  15.4602
77  -8.90278  -27.3999  15.4602
78  8.90278  -27.3999  15.4602
79  23.3078  -16.9341  15.4602

80  29.4105  0  16.91
81  23.7936  17.2871  16.91
82  9.08834  27.971  16.91
83  -9.08835  27.971  16.91
84  -23.7936  17.2871  16.91
85  -29.4105  -2.57115e-06  16.91
86  -23.7936  -17.2871  16.91
87  -9.08835  -27.971  16.91
88  9.08835  -27.971  16.91
89  23.7936  -17.287  16.91

90  29.7768  0  18.4356
91  24.0899  17.5024  18.4356
92  9.20154  28.3194  18.4356
93  -9.20154  28.3194  18.4356
94  -24.0899  17.5024  18.4356
95  -29.7768  -2.60317e-06  18.4356
96  -24.0899  -17.5024  18.4356
97  -9.20154  -28.3194  18.4356
98  9.20154  -28.3194  18.4356
99  24.0899  -17.5024  18.4356

100  29.9  0  20
101  24.1896  17.5748  20
102  9.23961  28.4366  20
103  -9.23961  28.4366  20
104  -24.1896  17.5748  20
105  -29.9  -2.61394e-06  20
106  -24.1896  -17.5748  20
107  -9.23961  -28.4366  20
108  9.23961  -28.4366  20
109  24.1896  -17.5748  20

110  29.7768  0  21.5644
111  24.0899  17.5024  21.5644
112  9.20154  28.3194  21.5644
113  -9.20154  28.3194  21.5644
114  -24.0899  17.5024  21.5644
115  -29.7768  -2.60317e-06  21.5644
116  -24.0899  -17.5024  21.5644
117  -9.20154  -28.3194  21.5644
118  9.20154  -28.3194  21.5644
119  24.0899  -17.5024  21.5644

120  29.4105  0  23.09
121  23.7936  17.2871  23.09
122  9.08834  27.971  23.09
123  -9.08835  27.971  23.09
124  -23.7936  17.2871  23.09
125  -29.4105  -2.57115e-06  23.09
126  -23.7936  -17.2871  23.09
127  -9.08835  -27.971  23.09
128  9.08835  -27.971  23.09
129  23.7936  -17.287  23.09

130  28.81  0  24.5398
131  23.3078  16.9341  24.5398
132  8.90278  27.3999  24.5398
133  -8.90278  27.3999  24.5398
134  -23.3078  16.9341  24.5398
135  -28.81  -2.51865e-06  24.5398
136  -23.3078  -16.9341  24.5398
137  -8.90278  -27.3999  24.5398
138  8.90278  -27.3999  24.5398
139  23.3078  -16.9341  24.5398

140  27.9895  0  25.878
141  22.644  16.4518  25.878
142  8.64923  26.6196  25.878
143  -8.64923  26.6196  25.878
144  -22.644  16.4518  25.878
145  -27.9895  -2.44692e-06  25.878
146  -22.644  -16.4518  25.878
147  -8.64923  -26.6196  25.878
148  8.64923  -26.6196  25.878
149  22.644  -16.4518  25.878

150  26.9717  0  27.0709
151  21.8206  15.8536  27.0709
152  8.33471  25.6516  27.0709
153  -8.33471  25.6516  27.0709
154  -21.8206  15.8536  27.0709
155  -26.9717  -2.35794e-06  27.0709
156  -21.8206  -15.8536  27.0709
157  -8.33472  -25.6516  27.0709
158  8.33472  -25.6516  27.0709
159  21.8206  -15.8536  27.0709

160  25.7755  0  28.0897
161  20.8528  15.1505  28.0897
162  7.96507  24.514  28.0897
163  -7.96507  24.514  28.0897
164  -20.8528  15.1505  28.0897
165  -25.7755  -2.25337e-06  28.0897
166  -20.8528  -15.1505  28.0897
167  -7.96507  -24.514  28.0897
168  7.96507  -24.514  28.0897
169  20.8528  -15.1504  28.0897

170  24.4469  0  28.9099
171  19.778  14.3695  28.9099
172  7.55451  23.2504  28.9099
173  -7.55451  23.2504  28.9099
174  -19.778  14.3695  28.9099
175  -24.4469  -2.13722e-06  28.9099
176  -19.778  -14.3695  28.9099
177  -7.55451  -23.2504  28.9099
178  7.55451  -23.2504  28.9099
179  19.778  -14.3695  28.9099

180  22.9728  0  29.5106
181  18.5854  13.5031  29.5106
182  7.09898  21.8484  29.5106
183  -7.09899  21.8484  29.5106
184  -18.5854  13.5031  29.5106
185  -22.9728  -2.00835e-06  29.5106
186  -18.5854  -13.5031  29.5106
187  -7.09899  -21.8484  29.5106
188  7.09899  -21.8484  29.5106
189  18.5854  -13.5031  29.5106

190  21.4948  0  29.8768
191  17.3897  12.6343  29.8768
192  6.64226  20.4428  29.8768
193  -6.64226  20.4428  29.8768
194  -17.3897  12.6343  29.8768
195  -21.4948  -1.87914e-06  29.8768
196  -17.3897  -12.6343  29.8768
197  -6.64226  -20.4428  29.8768
198  6.64226  -20.4428  29.8768
199  17.3897  -12.6343  29.8768

200  20.6  0  30
201  16.6658  12.1084  30
202  6.36575  19.5918  30
203  -6.36575  19.5918  30
204  -16.6658  12.1084  30
205  -20.6  -1.80091e-06  30
206  -16.6657  -12.1084  30
207  -6.36575  -19.5918  30
208  6.36575  -19.5918  30
209  16.6658  -12.1084  30

prescribed displacement x: node  disp value
0  0.0
1  0.0
2  0.0
3  0.0
4  0.0
5  0.0
6  0.0
7  0.0
8  0.0
9  0.0
10  0.0
11  0.0
12  0.0
13  0.0
14  0.0
15  0.0
16  0.0
17  0.0
18  0.0
19  0.0
 -10
prescribed displacement y: node  disp value
0  0.0
1  0.0
2  0.0
3  0.0
4  0.0
5  0.0
6  0.0
7  0.0
8  0.0
9  0.0
10  0.0
11  0.0
12  0.0
13  0.0
14  0.0
15  0.0
16  0.0
17  0.0
18  0.0
19  0.0
 -10
prescribed displacement z: node  disp value
0  0.0
1  0.0
2  0.0
3  0.0
4  0.0
5  0.0
6  0.0
7  0.0
8  0.0
9  0.0
10  0.0
11  0.0
12  0.0
13  0.0
14  0.0
15  0.0
16  0.0
17  0.0
18  0.0
19  0.0
 -10
node with point load x, y, z and 2 moments phi x, phi y
 200  -1.00000000e+03  -0.00000000e+00  -3.00000000e+04
 201  -8.09017306e+03  -5.87784823e+03  -3.00000000e+04
 202  -3.09018004e+03  -9.51056188e+03  -3.00000000e+04
 203   3.09015480e+03  -9.51057008e+03  -3.00000000e+04
 204   8.09015747e+03  -5.87786970e+03  -3.00000000e+04
 205   1.00000000e+03  -2.65358979e-03  -3.00000000e+04
 206   8.09018866e+03   5.87782676e+03  -3.00000000e+04
 207   3.09020528e+03   9.51055368e+03  -3.00000000e+04
 208  -3.09012956e+03   9.51057828e+03  -3.00000000e+04
 209  -8.09014187e+03   5.87789117e+03  -3.00000000e+04
 -10
node no. with stress and stress vector in lamina xx,yy,xy,zx,yz
 -10
