   numel numnp nmat  nmode  integ_flag This is the roof problem
    16    25    1    0    1  
 matl no., E mod., Poiss., density, Ratio, shear fac.
   0  4.32e6  0.0   9290.0000   0.8333333 
 el no., connectivity, matl no
  0   0   5   6   1  0
  1   1   6   7   2  0
  2   2   7   8   3  0
  3   3   8   9   4  0
  4   5  10  11   6  0
  5   6  11  12   7  0
  6   7  12  13   8  0
  7   8  13  14   9  0
  8  10  15  16  11  0
  9  11  16  17  12  0
 10  12  17  18  13  0
 11  13  18  19  14  0
 12  15  20  21  16  0
 13  16  21  22  17  0
 14  17  22  23  18  0
 15  18  23  24  19  0
node no, coordinates
  0  160.6970   00.0000  191.5110 
  1  125.0002   00.0000  216.5062 
  2   85.5053   00.0000  234.9231 
  3   43.4123   00.0000  246.2019 
  4   00.0003   00.0000  250.0000 
  5  160.6970   62.5000  191.5110 
  6  125.0002   62.5000  216.5062 
  7   85.5053   62.5000  234.9231 
  8   43.4123   62.5000  246.2019 
  9   00.0003   62.5000  250.0000 
 10  160.6970  125.0000  191.5110 
 11  125.0002  125.0000  216.5062 
 12   85.5053  125.0000  234.9231 
 13   43.4123  125.0000  246.2019 
 14   00.0003  125.0000  250.0000 
 15  160.6970  187.5000  191.5110 
 16  125.0002  187.5000  216.5062 
 17   85.5053  187.5000  234.9231 
 18   43.4123  187.5000  246.2019 
 19   00.0003  187.5000  250.0000 
 20  160.6970  250.0000  191.5110 
 21  125.0002  250.0000  216.5062 
 22   85.5053  250.0000  234.9231 
 23   43.4123  250.0000  246.2019 
 24   00.0003  250.0000  250.0000 
The corresponding top nodes are:
  0  162.3040   00.0000  193.4261 
  1  126.2502   00.0000  218.6713 
  2   86.3603   00.0000  237.2723 
  3   43.8465   00.0000  248.6639 
  4   00.0004   00.0000  252.5000 
  5  162.3040   62.5000  193.4261 
  6  126.2502   62.5000  218.6713 
  7   86.3603   62.5000  237.2723 
  8   43.8465   62.5000  248.6639 
  9   00.0004   62.5000  252.5000 
 10  162.3040  125.0000  193.4261 
 11  126.2502  125.0000  218.6713 
 12   86.3603  125.0000  237.2723 
 13   43.8465  125.0000  248.6639 
 14   00.0004  125.0000  252.5000 
 15  162.3040  187.5000  193.4261 
 16  126.2502  187.5000  218.6713 
 17   86.3603  187.5000  237.2723 
 18   43.8465  187.5000  248.6639 
 19   00.0004  187.5000  252.5000 
 20  162.3040  250.0000  193.4261 
 21  126.2502  250.0000  218.6713 
 22   86.3603  250.0000  237.2723 
 23   43.8465  250.0000  248.6639 
 24   00.0004  250.0000  252.5000 
prescribed displacement x: node  disp value
   0   0.00
   1   0.00
   2   0.00
   3   0.00
   4   0.00
   9   0.00
  14   0.00
  19   0.00
  24   0.00
 -10
prescribed displacement y: node  disp value
   0   0.00
   1   0.00
   2   0.00
   3   0.00
   4   0.00
  20   0.00
  21   0.00
  22   0.00
  23   0.00
  24   0.00
 -10
prescribed displacement z: node  disp value
   0   0.00
   1   0.00
   2   0.00
   3   0.00
   4   0.00
 -10
 prescribed angle phi x: node angle value
   0   0.00
   1   0.00
   2   0.00
   3   0.00
   4   0.00
  20   0.00
  21   0.00
  22   0.00
  23   0.00
  24   0.00
 -10
 prescribed angle phi y: node angle value
   0   0.00
   1   0.00
   2   0.00
   3   0.00
   4   0.00
   9   0.00
  14   0.00
  19   0.00
  24   0.00
 -10
node with point load x, y, z and 2 moments phi x, phi y
  5    0.0  0.0  -1227.18  0.0  0.0
  6    0.0  0.0  -2454.36  0.0  0.0
  7    0.0  0.0  -2454.36  0.0  0.0
  8    0.0  0.0  -2454.36  0.0  0.0
  9    0.0  0.0  -1227.18  0.0  0.0
 10    0.0  0.0  -1270.18  0.0  0.0
 11    0.0  0.0  -2454.36  0.0  0.0
 12    0.0  0.0  -2454.36  0.0  0.0
 13    0.0  0.0  -2454.36  0.0  0.0
 14    0.0  0.0  -1227.18  0.0  0.0
 15    0.0  0.0  -1227.18  0.0  0.0
 16    0.0  0.0  -2454.36  0.0  0.0
 17    0.0  0.0  -2454.36  0.0  0.0
 18    0.0  0.0  -2454.36  0.0  0.0
 19    0.0  0.0  -1227.18  0.0  0.0
 20    0.0  0.0   -613.59  0.0  0.0
 21    0.0  0.0  -1227.18  0.0  0.0
 22    0.0  0.0  -1227.18  0.0  0.0
 23    0.0  0.0  -1227.18  0.0  0.0
 24    0.0  0.0   -613.59  0.0  0.0
 -10
node no. with stress and stress vector in lamina xx,yy,xy,zx,yz
 -10

Generated from meshcyl.c
elements in horizontal: 4
elements in vertical: 4
Radius:   25
Angle:   40
Length:   25
Thickness:   .25

