numel numnp nmat  nmode  integ_flag This is the vessel
205 211  1  0 1
matl no., E mod., Poiss., density, Ratio, thickness, shear fac.
  0  30e6  0.3   2233.0000  0.327  0.8333333
 el no., connectivity, matl no
    0     0     1    11    10     0 
    1     1     2    12    11     0 
    2     2     3    13    12     0 
    3     3     4    14    13     0 
    4     4     5    15    14     0 
    5     5     6    16    15     0 
    6     6     7    17    16     0 
    7     7     8    18    17     0 
    8     8     9    19    18     0 
    9     9     0    10    19     0 
   10    10    11    21    20     0 
   11    11    12    22    21     0 
   12    12    13    23    22     0 
   13    13    14    24    23     0 
   14    14    15    25    24     0 
   15    15    16    26    25     0 
   16    16    17    27    26     0 
   17    17    18    28    27     0 
   18    18    19    29    28     0 
   19    19    10    20    29     0 
   20    20    21    31    30     0 
   21    21    22    32    31     0 
   22    22    23    33    32     0 
   23    23    24    34    33     0 
   24    24    25    35    34     0 
   25    25    26    36    35     0 
   26    26    27    37    36     0 
   27    27    28    38    37     0 
   28    28    29    39    38     0 
   29    29    20    30    39     0 
   30    30    31    41    40     0 
   31    31    32    42    41     0 
   32    32    33    43    42     0 
   33    33    34    44    43     0 
   34    34    35    45    44     0 
   35    35    36    46    45     0 
   36    36    37    47    46     0 
   37    37    38    48    47     0 
   38    38    39    49    48     0 
   39    39    30    40    49     0 
   40    40    41    51    50     0 
   41    41    42    52    51     0 
   42    42    43    53    52     0 
   43    43    44    54    53     0 
   44    44    45    55    54     0 
   45    45    46    56    55     0 
   46    46    47    57    56     0 
   47    47    48    58    57     0 
   48    48    49    59    58     0 
   49    49    40    50    59     0 
   50    50    51    61    60     0 
   51    51    52    62    61     0 
   52    52    53    63    62     0 
   53    53    54    64    63     0 
   54    54    55    65    64     0 
   55    55    56    66    65     0 
   56    56    57    67    66     0 
   57    57    58    68    67     0 
   58    58    59    69    68     0 
   59    59    50    60    69     0 
   60    60    61    71    70     0 
   61    61    62    72    71     0 
   62    62    63    73    72     0 
   63    63    64    74    73     0 
   64    64    65    75    74     0 
   65    65    66    76    75     0 
   66    66    67    77    76     0 
   67    67    68    78    77     0 
   68    68    69    79    78     0 
   69    69    60    70    79     0 
   70    70    71    81    80     0 
   71    71    72    82    81     0 
   72    72    73    83    82     0 
   73    73    74    84    83     0 
   74    74    75    85    84     0 
   75    75    76    86    85     0 
   76    76    77    87    86     0 
   77    77    78    88    87     0 
   78    78    79    89    88     0 
   79    79    70    80    89     0 
   80    80    81    91    90     0 
   81    81    82    92    91     0 
   82    82    83    93    92     0 
   83    83    84    94    93     0 
   84    84    85    95    94     0 
   85    85    86    96    95     0 
   86    86    87    97    96     0 
   87    87    88    98    97     0 
   88    88    89    99    98     0 
   89    89    80    90    99     0 
   90    90    91   101   100     0 
   91    91    92   102   101     0 
   92    92    93   103   102     0 
   93    93    94   104   103     0 
   94    94    95   105   104     0 
   95    95    96   106   105     0 
   96    96    97   107   106     0 
   97    97    98   108   107     0 
   98    98    99   109   108     0 
   99    99    90   100   109     0 
  100   100   101   111   110     0 
  101   101   102   112   111     0 
  102   102   103   113   112     0 
  103   103   104   114   113     0 
  104   104   105   115   114     0 
  105   105   106   116   115     0 
  106   106   107   117   116     0 
  107   107   108   118   117     0 
  108   108   109   119   118     0 
  109   109   100   110   119     0 
  110   110   111   121   120     0 
  111   111   112   122   121     0 
  112   112   113   123   122     0 
  113   113   114   124   123     0 
  114   114   115   125   124     0 
  115   115   116   126   125     0 
  116   116   117   127   126     0 
  117   117   118   128   127     0 
  118   118   119   129   128     0 
  119   119   110   120   129     0 
  120   120   121   131   130     0 
  121   121   122   132   131     0 
  122   122   123   133   132     0 
  123   123   124   134   133     0 
  124   124   125   135   134     0 
  125   125   126   136   135     0 
  126   126   127   137   136     0 
  127   127   128   138   137     0 
  128   128   129   139   138     0 
  129   129   120   130   139     0 
  130   130   131   141   140     0 
  131   131   132   142   141     0 
  132   132   133   143   142     0 
  133   133   134   144   143     0 
  134   134   135   145   144     0 
  135   135   136   146   145     0 
  136   136   137   147   146     0 
  137   137   138   148   147     0 
  138   138   139   149   148     0 
  139   139   130   140   149     0 
  140   140   141   151   150     0 
  141   141   142   152   151     0 
  142   142   143   153   152     0 
  143   143   144   154   153     0 
  144   144   145   155   154     0 
  145   145   146   156   155     0 
  146   146   147   157   156     0 
  147   147   148   158   157     0 
  148   148   149   159   158     0 
  149   149   140   150   159     0 
  150   150   151   161   160     0 
  151   151   152   162   161     0 
  152   152   153   163   162     0 
  153   153   154   164   163     0 
  154   154   155   165   164     0 
  155   155   156   166   165     0 
  156   156   157   167   166     0 
  157   157   158   168   167     0 
  158   158   159   169   168     0 
  159   159   150   160   169     0 
  160   160   161   171   170     0 
  161   161   162   172   171     0 
  162   162   163   173   172     0 
  163   163   164   174   173     0 
  164   164   165   175   174     0 
  165   165   166   176   175     0 
  166   166   167   177   176     0 
  167   167   168   178   177     0 
  168   168   169   179   178     0 
  169   169   160   170   179     0 
  170   170   171   181   180     0 
  171   171   172   182   181     0 
  172   172   173   183   182     0 
  173   173   174   184   183     0 
  174   174   175   185   184     0 
  175   175   176   186   185     0 
  176   176   177   187   186     0 
  177   177   178   188   187     0 
  178   178   179   189   188     0 
  179   179   170   180   189     0 
  180   180   181   191   190     0 
  181   181   182   192   191     0 
  182   182   183   193   192     0 
  183   183   184   194   193     0 
  184   184   185   195   194     0 
  185   185   186   196   195     0 
  186   186   187   197   196     0 
  187   187   188   198   197     0 
  188   188   189   199   198     0 
  189   189   180   190   199     0 
  190   190   191   201   200     0 
  191   191   192   202   201     0 
  192   192   193   203   202     0 
  193   193   194   204   203     0 
  194   194   195   205   204     0 
  195   195   196   206   205     0 
  196   196   197   207   206     0 
  197   197   198   208   207     0 
  198   198   199   209   208     0 
  199   199   190   200   209     0 

  200  200 201 202 210  0
  201  202 203 204 210  0
  202  204 205 206 210  0
  203  206 207 208 210  0
  204  208 209 200 210  0
node no., coordinates
0  10  0  0
1  8.09017  5.87785  0
2  3.09017  9.51056  0
3  -3.09017  9.51056  0
4  -8.09017  5.87785  0
5  -10  -8.74228e-07  0
6  -8.09017  -5.87785  0
7  -3.09017  -9.51056  0
8  3.09017  -9.51056  0
9  8.09017  -5.87785  0

10  9.96892  0  0.786654
11  8.06503  5.85958  0.786654
12  3.08057  9.48101  0.786654
13  -3.08057  9.48101  0.786654
14  -8.06503  5.85958  0.786654
15  -9.96892  -8.71511e-07  0.786654
16  -8.06503  -5.85958  0.786654
17  -3.08057  -9.48101  0.786654
18  3.08057  -9.48101  0.786654
19  8.06503  -5.85958  0.786654

20  9.87677  0  1.56475
21  7.99047  5.80542  1.56475
22  3.05209  9.39337  1.56475
23  -3.05209  9.39337  1.56475
24  -7.99048  5.80542  1.56475
25  -9.87677  -8.63455e-07  1.56475
26  -7.99047  -5.80542  1.56475
27  -3.05209  -9.39337  1.56475
28  3.05209  -9.39337  1.56475
29  7.99048  -5.80542  1.56475

30  9.72366  0  2.33383
31  7.86661  5.71542  2.33383
32  3.00478  9.24775  2.33383
33  -3.00478  9.24775  2.33383
34  -7.86661  5.71542  2.33383
35  -9.72366  -8.50069e-07  2.33383
36  -7.86661  -5.71543  2.33383
37  -3.00478  -9.24775  2.33383
38  3.00478  -9.24775  2.33383
39  7.86661  -5.71542  2.33383

40  9.51054  0  3.08978
41  7.69419  5.59016  3.08978
42  2.93892  9.04506  3.08978
43  -2.93892  9.04506  3.08978
44  -7.69419  5.59015  3.08978
45  -9.51054  -8.31438e-07  3.08978
46  -7.69419  -5.59016  3.08978
47  -2.93892  -9.04506  3.08978
48  2.93892  -9.04506  3.08978
49  7.69419  -5.59015  3.08978

50  9.23875  0  3.82677
51  7.47431  5.4304  3.82677
52  2.85493  8.78657  3.82677
53  -2.85493  8.78657  3.82677
54  -7.47431  5.4304  3.82677
55  -9.23875  -8.07677e-07  3.82677
56  -7.47431  -5.4304  3.82677
57  -2.85493  -8.78657  3.82677
58  2.85493  -8.78657  3.82677
59  7.47431  -5.4304  3.82677

60  8.90995  0  4.53989
61  7.2083  5.23714  4.53989
62  2.75333  8.47387  4.53989
63  -2.75333  8.47387  4.53989
64  -7.2083  5.23714  4.53989
65  -8.90995  -7.78933e-07  4.53989
66  -7.2083  -5.23714  4.53989
67  -2.75333  -8.47387  4.53989
68  2.75333  -8.47387  4.53989
69  7.2083  -5.23713  4.53989

70  8.52602  0  5.22501
71  6.8977  5.01147  5.22501
72  2.63468  8.10873  5.22501
73  -2.63469  8.10873  5.22501
74  -6.8977  5.01147  5.22501
75  -8.52602  -7.45368e-07  5.22501
76  -6.89769  -5.01147  5.22501
77  -2.63469  -8.10873  5.22501
78  2.63469  -8.10873  5.22501
79  6.8977  -5.01147  5.22501

80  8.08947  0  5.87797
81  6.54452  4.75487  5.87797
82  2.49978  7.69354  5.87797
83  -2.49978  7.69354  5.87797
84  -6.54452  4.75487  5.87797
85  -8.08947  -7.07204e-07  5.87797
86  -6.54452  -4.75487  5.87797
87  -2.49978  -7.69354  5.87797
88  2.49978  -7.69354  5.87797
89  6.54452  -4.75487  5.87797

90  7.6037  0  6.49459
91  6.15152  4.46934  6.49459
92  2.34967  7.23155  6.49459
93  -2.34967  7.23155  6.49459
94  -6.15152  4.46934  6.49459
95  -7.6037  -6.64737e-07  6.49459
96  -6.15152  -4.46934  6.49459
97  -2.34967  -7.23155  6.49459
98  2.34967  -7.23155  6.49459
99  6.15152  -4.46934  6.49459

100  7.07167  0  7.07089
101  5.7211  4.15662  7.07089
102  2.18527  6.72556  7.07089
103  -2.18527  6.72556  7.07089
104  -5.7211  4.15662  7.07089
105  -7.07167  -6.18225e-07  7.07089
106  -5.7211  -4.15662  7.07089
107  -2.18527  -6.72556  7.07089
108  2.18527  -6.72556  7.07089
109  5.7211  -4.15662  7.07089

110  6.49481  0  7.60363
111  5.25441  3.81755  7.60363
112  2.00701  6.17693  7.60363
113  -2.00701  6.17693  7.60363
114  -5.25441  3.81755  7.60363
115  -6.49481  -5.67794e-07  7.60363
116  -5.25441  -3.81755  7.60363
117  -2.00701  -6.17693  7.60363
118  2.00701  -6.17693  7.60363
119  5.25441  -3.81755  7.60363

120  5.8755  0  8.0897
121  4.75338  3.45353  8.0897
122  1.81563  5.58793  8.0897
123  -1.81563  5.58793  8.0897
124  -4.75338  3.45353  8.0897
125  -5.8755  -5.13653e-07  8.0897
126  -4.75338  -3.45353  8.0897
127  -1.81563  -5.58793  8.0897
128  1.81563  -5.58793  8.0897
129  4.75338  -3.45353  8.0897

130  5.22292  0  8.52609
131  4.22543  3.06996  8.52609
132  1.61397  4.96729  8.52609
133  -1.61397  4.96729  8.52609
134  -4.22543  3.06996  8.52609
135  -5.22292  -4.56602e-07  8.52609
136  -4.22543  -3.06996  8.52609
137  -1.61397  -4.96729  8.52609
138  1.61397  -4.96729  8.52609
139  4.22543  -3.06995  8.52609

140  4.54692  0  8.90989
141  3.67854  2.67261  8.90989
142  1.40508  4.32438  8.90989
143  -1.40508  4.32438  8.90989
144  -3.67854  2.67261  8.90989
145  -4.54692  -3.97504e-07  8.90989
146  -3.67854  -2.67261  8.90989
147  -1.40508  -4.32438  8.90989
148  1.40508  -4.32438  8.90989
149  3.67854  -2.67261  8.90989

150  3.83728  0  9.23872
151  3.10442  2.2555  9.23872
152  1.18578  3.64947  9.23872
153  -1.18578  3.64947  9.23872
154  -3.10442  2.2555  9.23872
155  -3.83728  -3.35466e-07  9.23872
156  -3.10442  -2.2555  9.23872
157  -1.18579  -3.64947  9.23872
158  1.18579  -3.64947  9.23872
159  3.10443  -2.2555  9.23872

160  3.07279  0  9.51055
161  2.48594  1.80614  9.51055
162  0.949544  2.9224  9.51055
163  -0.949544  2.9224  9.51055
164  -2.48594  1.80614  9.51055
165  -3.07279  -2.68632e-07  9.51055
166  -2.48594  -1.80614  9.51055
167  -0.949545  -2.9224  9.51055
168  0.949545  -2.9224  9.51055
169  2.48594  -1.80614  9.51055

170  2.29048  0  9.72367
171  1.85304  1.34631  9.72367
172  0.707797  2.17838  9.72367
173  -0.707797  2.17838  9.72367
174  -1.85304  1.34631  9.72367
175  -2.29048  -2.0024e-07  9.72367
176  -1.85304  -1.34631  9.72367
177  -0.707797  -2.17838  9.72367
178  0.707798  -2.17838  9.72367
179  1.85304  -1.34631  9.72367

180  1.59481  0  9.87677
181  1.29023  0.937406  9.87677
182  0.492823  1.51675  9.87677
183  -0.492823  1.51675  9.87677
184  -1.29023  0.937406  9.87677
185  -1.59481  -1.39423e-07  9.87677
186  -1.29023  -0.937406  9.87677
187  -0.492824  -1.51675  9.87677
188  0.492824  -1.51675  9.87677
189  1.29023  -0.937405  9.87677

190  1.06182  0  9.96891
191  0.85903  0.624122  9.96891
192  0.32812  1.00985  9.96891
193  -0.32812  1.00985  9.96891
194  -0.85903  0.624122  9.96891
195  -1.06182  -9.28273e-08  9.96891
196  -0.85903  -0.624122  9.96891
197  -0.328121  -1.00985  9.96891
198  0.328121  -1.00985  9.96891
199  0.859031  -0.624122  9.96891

200  0.7  0  10
201  0.566312  0.41145  10
202  0.216312  0.66574  10
203  -0.216312  0.66574  10
204  -0.566312  0.41145  10
205  -0.7  -6.11959e-08  10
206  -0.566312  -0.41145  10
207  -0.216312  -0.66574  10
208  0.216312  -0.66574  10
209  0.566312  -0.411449  10
210  0.0   0.0  9.995
prescribed displacement x: node  disp value
0  0.0
1  0.0
2  0.0
3  0.0
4  0.0
5  0.0
6  0.0
7  0.0
8  0.0
9  0.0
10  0.0
11  0.0
12  0.0
13  0.0
14  0.0
15  0.0
16  0.0
17  0.0
18  0.0
19  0.0
 -10
prescribed displacement y: node  disp value
0  0.0
1  0.0
2  0.0
3  0.0
4  0.0
5  0.0
6  0.0
7  0.0
8  0.0
9  0.0
10  0.0
11  0.0
12  0.0
13  0.0
14  0.0
15  0.0
16  0.0
17  0.0
18  0.0
19  0.0
 -10
prescribed displacement z: node  disp value
0  0.0
1  0.0
2  0.0
3  0.0
4  0.0
5  0.0
6  0.0
7  0.0
8  0.0
9  0.0
10  0.0
11  0.0
12  0.0
13  0.0
14  0.0
15  0.0
16  0.0
17  0.0
18  0.0
19  0.0
 -10
 prescribed angle phi x: node angle value
0    0.00
1    0.00
2    0.00
3    0.00
4    0.00
5    0.00
6    0.00
7    0.00
8    0.00
9    0.00
10    0.00
11    0.00
12    0.00
13    0.00
14    0.00
15    0.00
16    0.00
17    0.00
18    0.00
19    0.00
 -10
 prescribed angle phi y: node angle value
0    0.00
1    0.00
2    0.00
3    0.00
4    0.00
5    0.00
6    0.00
7    0.00
8    0.00
9    0.00
10    0.00
11    0.00
12    0.00
13    0.00
14    0.00
15    0.00
16    0.00
17    0.00
18    0.00
19    0.00
 -10
node with point load x, y, z and 2 moments phi x, phi y
100   0.0 -100.0   -10.0   0.0   0.0
101  58.8  -80.9   -10.0   0.0   0.0
102  95.1  -30.9   -10.0   0.0   0.0
103  95.1   30.9   -10.0   0.0   0.0
104  58.8   80.9   -10.0   0.0   0.0
105   0.0  100.0   -10.0   0.0   0.0
106 -58.8   80.9   -10.0   0.0   0.0
107 -95.1   30.9   -10.0   0.0   0.0
108 -95.1  -30.9   -10.0   0.0   0.0
109 -58.8  -80.9   -10.0   0.0   0.0
 -10
node no. with stress and stress vector in lamina xx,yy,xy,zx,yz
 -10

Note to San:

This file is based on a mesh generated using KeraMesh written by Janos
Erzinger in 2005.  That original mesh is bubble23.  I took that mesh,
got rid of the corresponding top nodes, and set the thickness to .327.


