   numel numnp nmat nmode  integ_flag This is spl
	9    16  1   5   1   
 matl no., E mod., Poiss. Ratio, density, shear fac.
0	3.0e7   0.3   2322.3800    .8333333
el no., connectivity, matl no
0    0    1    5    4   0
1    1    2    6    5   0
2    2    3    7    6   0
3    4    5    9    8   0
4    5    6   10    9   0
5    6    7   11   10   0
6    8    9   13   12   0
7    9   10   14   13   0
8    10  11   15   14   0
node no., coordinates
0     0.000000  0.000000  1.00000
1     3.333333  0.000000  1.00000
2     6.666667  0.000000  1.00000
3     10.00000  0.000000  1.00000
4     0.000000  3.333333  1.00000
5     3.333333  3.333333  1.00000
6     6.666667  3.333333  1.00000
7     10.00000  3.333333  1.00000
8     0.000000  6.666667  1.00000
9     3.333333  6.666667  1.00000
10    6.666667  6.666667  1.00000
11    10.00000  6.666667  1.00000
12    0.000000  10.00000  1.00000
13    3.333333  10.00000  1.00000
14    6.666667  10.00000  1.00000
15    10.00000  10.00000  1.00000
these are the corresponding top nodes
0     0.000000  0.000000  1.10000
1     3.333333  0.000000  1.10000
2     6.666667  0.000000  1.10000
3     10.00000  0.000000  1.10000
4     0.000000  3.333333  1.10000
5     3.333333  3.333333  1.10000
6     6.666667  3.333333  1.10000
7     10.00000  3.333333  1.10000
8     0.000000  6.666667  1.10000
9     3.333333  6.666667  1.10000
10    6.666667  6.666667  1.10000
11    10.00000  6.666667  1.10000
12    0.000000  10.00000  1.10000
13    3.333333  10.00000  1.10000
14    6.666667  10.00000  1.10000
15    10.00000  10.00000  1.10000
prescribed displacement x: node  disp value
   0   0.00
   1   0.00
   2   0.00
   3   0.00
   4   0.00
   7   0.00
   8   0.00
  11   0.00
  12   0.00
  15   0.00
 -10
prescribed displacement y: node  disp value
   0   0.00
   1   0.00
   2   0.00
   3   0.00
   4   0.00
   8   0.00
  12   0.00
  13   0.00
  14   0.00
  15   0.00
 -10
prescribed displacement z: node  disp value
   0   0.00
   1   0.00
   2   0.00
   3   0.00
   4   0.00
   8   0.00
  12   0.00
 -10
 prescribed angle phi x: node angle value
   0   0.00
   1   0.00
   2   0.00
   3   0.00
   4   0.00
   8   0.00
  12   0.00
  13   0.00
  14   0.00
  15   0.00
 -10
 prescribed angle phi y: node angle value
   0   0.00
   1   0.00
   2   0.00
   3   0.00
   4   0.00
   7   0.00
   8   0.00
  11   0.00
  12   0.00
  15   0.00
 -10
node with point load x, y, z and 2 moments phi x, phi y
15    0.0 0.0 -2.50  0.0  0.0 
 -10
node no. with stress and stress vector in lamina xx,yy,xy,zx,yz
 -10

