   numel numnp nmat  nmode  integ_flag This is the roof problem
    48    45    1    0    1  
 matl no., E mod., Poiss., density, Ratio, shear fac., thickness
   0  4.32e8  0.0   9290.0000   0.8333333   0.20 
 el no., connectivity, matl no
  0   0   5   6   1  0
  1   1   6   7   2  0
  2   2   7   8   3  0
  3   3   8   9   4  0
  4   5  10  11   6  0
  5   6  11  12   7  0
  6   7  12  13   8  0
  7   8  13  14   9  0
  8  10  15  16  11  0
  9  11  16  17  12  0
 10  12  17  18  13  0
 11  13  18  19  14  0
 12  15  20  21  16  0
 13  16  21  22  17  0
 14  17  22  23  18  0
 15  18  23  24  19  0
   16     0     5    29    25   0
   17    25    29    30    26   0
   18    26    30    31    27   0
   19    27    31    32    28   0
   20     5    10    33    29   0
   21    29    33    34    30   0
   22    30    34    35    31   0
   23    31    35    36    32   0
   24    10    15    37    33   0
   25    33    37    38    34   0
   26    34    38    39    35   0
   27    35    39    40    36   0
   28    15    20    41    37   0
   29    37    41    42    38   0
   30    38    42    43    39   0
   31    39    43    44    40   0

   32    25    30     7   1   0
   33    26    31     8   2   0
   34    27    32     9   3   0
   35    29    34    12   6   0
   36    30    35    13   7   0
   37    31    36    14   8   0
   38    33    38    17  11   0
   39    34    39    18  12   0
   40    35    40    19  13   0
   41    37    42    22  16   0
   42    38    43    23  17   0
   43    39    44    24  18   0

   44    25    29     6     1   0
   45    29    33    11     6   0
   46    33    37    16    11   0
   47    37    41    21    16   0

node no., coordinates
  0  16.06970   0.00000  19.15110 
  1  12.50002   0.00000  21.65062 
  2   8.55053   0.00000  23.49231 
  3   4.34123   0.00000  24.62019 
  4   0.00003   0.00000  25.00000 
  5  16.06970   6.25000  19.15110 
  6  12.50002   6.25000  21.65062 
  7   8.55053   6.25000  23.49231 
  8   4.34123   6.25000  24.62019 
  9   0.00003   6.25000  25.00000 
 10  16.06970  12.50000  19.15110 
 11  12.50002  12.50000  21.65062 
 12   8.55053  12.50000  23.49231 
 13   4.34123  12.50000  24.62019 
 14   0.00003  12.50000  25.00000 
 15  16.06970  18.75000  19.15110 
 16  12.50002  18.75000  21.65062 
 17   8.55053  18.75000  23.49231 
 18   4.34123  18.75000  24.62019 
 19   0.00003  18.75000  25.00000 
 20  16.06970  25.00000  19.15110 
 21  12.50002  25.00000  21.65062 
 22   8.55053  25.00000  23.49231 
 23   4.34123  25.00000  24.62019 
 24   0.00003  25.00000  25.00000 

 25  12.50002   0.00000  19.34261
 26   8.55053   0.00000  19.34261
 27   4.34123   0.00000  19.34261
 28   0.00003   0.00000  19.34261
 29  12.50002   6.25000  19.34261
 30   8.55053   6.25000  19.34261
 31   4.34123   6.25000  19.34261
 32   0.00003   6.25000  19.34261
 33  12.50002  12.50000  19.34261
 34   8.55053  12.50000  19.34261
 35   4.34123  12.50000  19.34261
 36   0.00003  12.50000  19.34261
 37  12.50002  18.75000  19.34261
 38   8.55053  18.75000  19.34261
 39   4.34123  18.75000  19.34261
 40   0.00003  18.75000  19.34261
 41  12.50002  25.00000  19.34261
 42   8.55053  25.00000  19.34261
 43   4.34123  25.00000  19.34261
 44   0.00003  25.00000  19.34261
prescribed displacement x: node  disp value
   0   0.00
   1   0.00
   2   0.00
   3   0.00
   4   0.00
   9   0.00
  14   0.00
  19   0.00
  24   0.00
  25   0.00
  26   0.00
  27   0.00
  28   0.00
  32   0.00
  36   0.00
  40   0.00
  44   0.00
 -10
prescribed displacement y: node  disp value
   0   0.00
   1   0.00
   2   0.00
   3   0.00
   4   0.00
  20   0.00
  21   0.00
  22   0.00
  23   0.00
  24   0.00
  25   0.00
  26   0.00
  27   0.00
  41   0.00
  42   0.00
  43   0.00
  44   0.00
 -10
prescribed displacement z: node  disp value
   0   0.00
   1   0.00
   2   0.00
   3   0.00
   4   0.00
  25   0.00
  26   0.00
  27   0.00
  28   0.00
 -10
 prescribed angle phi x: node angle value
   0   0.00
   1   0.00
   2   0.00
   3   0.00
   4   0.00
  20   0.00
  21   0.00
  22   0.00
  23   0.00
  24   0.00
  25   0.00
  26   0.00
  27   0.00
  41   0.00
  42   0.00
  43   0.00
  44   0.00
 -10
 prescribed angle phi y: node angle value
   0   0.00
   1   0.00
   2   0.00
   3   0.00
   4   0.00
   9   0.00
  14   0.00
  19   0.00
  24   0.00
  26   0.00
  27   0.00
  28   0.00
  32   0.00
  36   0.00
  40   0.00
  44   0.00
 -10
node with point load x, y, z and 2 moments phi x, phi y
  5    0.0  0.0  -1227.18  0.0  0.0
  6    0.0  0.0  -2454.36  0.0  0.0
  7    0.0  0.0  -2454.36  0.0  0.0
  8    0.0  0.0  -2454.36  0.0  0.0
  9    0.0  0.0  -1227.18  0.0  0.0
 10    0.0  0.0  -1270.18  0.0  0.0
 11    0.0  0.0  -2454.36  0.0  0.0
 12    0.0  0.0  -2454.36  0.0  0.0
 13    0.0  0.0  -2454.36  0.0  0.0
 14    0.0  0.0  -1227.18  0.0  0.0
 15    0.0  0.0  -1227.18  0.0  0.0
 16    0.0  0.0  -2454.36  0.0  0.0
 17    0.0  0.0  -2454.36  0.0  0.0
 18    0.0  0.0  -2454.36  0.0  0.0
 19    0.0  0.0  -1227.18  0.0  0.0
 20    0.0  0.0   -613.59  0.0  0.0
 21    0.0  0.0  -1227.18  0.0  0.0
 22    0.0  0.0  -1227.18  0.0  0.0
 23    0.0  0.0  -1227.18  0.0  0.0
 24    0.0  0.0   -613.59  0.0  0.0
 -10
node no. with stress and stress vector in lamina xx,yy,xy,zx,yz
 -10

Generated from meshcyl.c
elements in horizontal: 4
elements in vertical: 4
Radius:   25
Angle:   40
Length:   25
Thickness:   .25

