   numel numnp nmat nmode integ_flag This is a shell cylinder
     56   72    8    0    1
 matl no., E mod., Poiss. Ratio, density, shear fac. , thickness
    0 393000000.0000    0.3300 2770.0000    0.8333   4.0
    1 432000000.0000    0.3300 2770.0000    0.8333   2.0
    2 392000000.0000    0.3100 2770.0000    0.8333   1.414
    3 389000000.0000    0.3300 2770.0000    0.8333   1.0
    4 322300000.0000    0.3300 2770.0000    0.8333   1.0
    5 392900000.0000    0.0000 2770.0000    0.8333   1.414
    6 922000000.0000    0.0000 2770.0000    0.8333   2.0 
    7 432000000.0000    0.3300 2770.0000    0.8333   4.0
el no., connectivity, matl no.
   0    0    8    9    1   0
   1    1    9   10    2   0
   2    2   10   11    3   0
   3    3   11   12    4   0
   4    4   12   13    5   0
   5    5   13   14    6   0
   6    6   14   15    7   0
   7    8   16   17    9   1
   8    9   17   18   10   1
   9   10   18   19   11   1
  10   11   19   20   12   1
  11   12   20   21   13   1
  12   13   21   22   14   1
  13   14   22   23   15   1
  14   16   24   25   17   2
  15   17   25   26   18   2
  16   18   26   27   19   2
  17   19   27   28   20   2
  18   20   28   29   21   2
  19   21   29   30   22   2
  20   22   30   31   23   2
  21   24   32   33   25   3
  22   25   33   34   26   3
  23   26   34   35   27   3
  24   27   35   36   28   3
  25   28   36   37   29   3
  26   29   37   38   30   3
  27   30   38   39   31   3
  28   32   40   41   33   4
  29   33   41   42   34   4
  30   34   42   43   35   4
  31   35   43   44   36   4
  32   36   44   45   37   4
  33   37   45   46   38   4
  34   38   46   47   39   4
  35   40   48   49   41   5
  36   41   49   50   42   5
  37   42   50   51   43   5
  38   43   51   52   44   5
  39   44   52   53   45   5
  40   45   53   54   46   5
  41   46   54   55   47   5
  42   48   56   57   49   6
  43   49   57   58   50   6
  44   50   58   59   51   6
  45   51   59   60   52   6
  46   52   60   61   53   6
  47   53   61   62   54   6
  48   54   62   63   55   6
  49   56   64   65   57   7
  50   57   65   66   58   7
  51   58   66   67   59   7
  52   59   67   68   60   7
  53   60   68   69   61   7
  54   61   69   70   62   7
  55   62   70   71   63   7
node no. coordinates
   0  23.33452   0.00000  23.33452 
   1  20.57516   0.00000  25.80044 
   2  17.55706   0.00000  27.94190 
   3  14.31816   0.00000  29.73197 
   4  10.89921   0.00000  31.14815 
   5   7.34319   0.00000  32.17262 
   6   3.69483   0.00000  32.79250 
   7  -0.00000   0.00000  33.00000 
   8  23.33452   5.71429  23.33452 
   9  20.57516   5.71429  25.80044 
  10  17.55706   5.71429  27.94190 
  11  14.31816   5.71429  29.73197 
  12  10.89921   5.71429  31.14815 
  13   7.34319   5.71429  32.17262 
  14   3.69483   5.71429  32.79250 
  15  -0.00000   5.71429  33.00000 
  16  23.33452  11.42857  23.33452 
  17  20.57516  11.42857  25.80044 
  18  17.55706  11.42857  27.94190 
  19  14.31816  11.42857  29.73197 
  20  10.89921  11.42857  31.14815 
  21   7.34319  11.42857  32.17262 
  22   3.69483  11.42857  32.79250 
  23  -0.00000  11.42857  33.00000 
  24  23.33452  17.14286  23.33452 
  25  20.57516  17.14286  25.80044 
  26  17.55706  17.14286  27.94190 
  27  14.31816  17.14286  29.73197 
  28  10.89921  17.14286  31.14815 
  29   7.34319  17.14286  32.17262 
  30   3.69483  17.14286  32.79250 
  31  -0.00000  17.14286  33.00000 
  32  23.33452  22.85714  23.33452 
  33  20.57516  22.85714  25.80044 
  34  17.55706  22.85714  27.94190 
  35  14.31816  22.85714  29.73197 
  36  10.89921  22.85714  31.14815 
  37   7.34319  22.85714  32.17262 
  38   3.69483  22.85714  32.79250 
  39  -0.00000  22.85714  33.00000 
  40  23.33452  28.57143  23.33452 
  41  20.57516  28.57143  25.80044 
  42  17.55706  28.57143  27.94190 
  43  14.31816  28.57143  29.73197 
  44  10.89921  28.57143  31.14815 
  45   7.34319  28.57143  32.17262 
  46   3.69483  28.57143  32.79250 
  47  -0.00000  28.57143  33.00000 
  48  23.33452  34.28571  23.33452 
  49  20.57516  34.28571  25.80044 
  50  17.55706  34.28571  27.94190 
  51  14.31816  34.28571  29.73197 
  52  10.89921  34.28571  31.14815 
  53   7.34319  34.28571  32.17262 
  54   3.69483  34.28571  32.79250 
  55  -0.00000  34.28571  33.00000 
  56  23.33452  40.00000  23.33452 
  57  20.57516  40.00000  25.80044 
  58  17.55706  40.00000  27.94190 
  59  14.31816  40.00000  29.73197 
  60  10.89921  40.00000  31.14815 
  61   7.34319  40.00000  32.17262 
  62   3.69483  40.00000  32.79250 
  63  -0.00000  40.00000  33.00000 
  64  23.33452  45.71429  23.33452 
  65  20.57516  45.71429  25.80044 
  66  17.55706  45.71429  27.94190 
  67  14.31816  45.71429  29.73197 
  68  10.89921  45.71429  31.14815 
  69   7.34319  45.71429  32.17262 
  70   3.69483  45.71429  32.79250 
  71  -0.00000  45.71429  33.00000 
prescribed displacement x: node  disp value
   0   0.00
   1   0.00
   2   0.00
   3   0.00
   4   0.00
   5   0.00
   6   0.00
   7   0.00
  15   0.00
  23   0.00
  31   0.00
  39   0.00
  47   0.00
  55   0.00
  63   0.00
  71   0.00
 -10
prescribed displacement y: node  disp value
   0   0.00
   1   0.00
   2   0.00
   3   0.00
   4   0.00
   5   0.00
   6   0.00
   7   0.00
  64   0.00
  65   0.00
  66   0.00
  67   0.00
  68   0.00
  69   0.00
  70   0.00
  71   0.00
 -10
prescribed displacement z: node  disp value
   0   0.00
   1   0.00
   2   0.00
   3   0.00
   4   0.00
   5   0.00
   6   0.00
   7   0.00
 -10
prescribed angle phi x: node angle value
   0   0.00
   1   0.00
   2   0.00
   3   0.00
   4   0.00
   5   0.00
   6   0.00
   7   0.00
  64   0.00
  65   0.00
  66   0.00
  67   0.00
  68   0.00
  69   0.00
  70   0.00
  71   0.00
 -10
prescribed angle phi y: node angle value
   0   0.00
   1   0.00
   2   0.00
   3   0.00
   4   0.00
   5   0.00
   6   0.00
   7   0.00
  15   0.00
  23   0.00
  31   0.00
  39   0.00
  47   0.00
  55   0.00
  63   0.00
  71   0.00
 -10
node with point load x, y, z and 2 moments phi x, phi y
  8    0.0  0.0  -2454.36  0.0  0.0
  9    0.0  0.0  -2454.36  0.0  0.0
 10    0.0  0.0  -2454.36  0.0  0.0
 11    0.0  0.0  -2454.36  0.0  0.0
 12    0.0  0.0  -2454.36  0.0  0.0
 13    0.0  0.0  -2454.36  0.0  0.0
 14    0.0  0.0  -2454.36  0.0  0.0
 15    0.0  0.0  -2454.36  0.0  0.0
 16    0.0  0.0  -2454.36  0.0  0.0
 17    0.0  0.0  -2454.36  0.0  0.0
 18    0.0  0.0  -2454.36  0.0  0.0
 19    0.0  0.0  -2454.36  0.0  0.0
 20    0.0  0.0  -2454.36  0.0  0.0
 21    0.0  0.0  -2454.36  0.0  0.0
 22    0.0  0.0  -2454.36  0.0  0.0
 23    0.0  0.0  -2454.36  0.0  0.0
 24    0.0  0.0  -2454.36  0.0  0.0
 25    0.0  0.0  -2454.36  0.0  0.0
 26    0.0  0.0  -2454.36  0.0  0.0
 27    0.0  0.0  -2454.36  0.0  0.0
 28    0.0  0.0  -2454.36  0.0  0.0
 29    0.0  0.0  -2454.36  0.0  0.0
 30    0.0  0.0  -2454.36  0.0  0.0
 31    0.0  0.0  -2454.36  0.0  0.0
 32    0.0  0.0  -2454.36  0.0  0.0
 33    0.0  0.0  -2454.36  0.0  0.0
 34    0.0  0.0  -2454.36  0.0  0.0
 35    0.0  0.0  -2454.36  0.0  0.0
 36    0.0  0.0  -2454.36  0.0  0.0
 37    0.0  0.0  -2454.36  0.0  0.0
 38    0.0  0.0  -2454.36  0.0  0.0
 39    0.0  0.0  -2454.36  0.0  0.0
 30    0.0  0.0  -2454.36  0.0  0.0
 41    0.0  0.0  -2454.36  0.0  0.0
 42    0.0  0.0  -2454.36  0.0  0.0
 43    0.0  0.0  -2454.36  0.0  0.0
 44    0.0  0.0  -2454.36  0.0  0.0
 45    0.0  0.0  -2454.36  0.0  0.0
 46    0.0  0.0  -2454.36  0.0  0.0
 47    0.0  0.0  -2454.36  0.0  0.0
 48    0.0  0.0  -2454.36  0.0  0.0
 49    0.0  0.0  -2454.36  0.0  0.0
 50    0.0  0.0  -2454.36  0.0  0.0
 51    0.0  0.0  -2454.36  0.0  0.0
 52    0.0  0.0  -2454.36  0.0  0.0
 53    0.0  0.0  -2454.36  0.0  0.0
 54    0.0  0.0  -2454.36  0.0  0.0
 55    0.0  0.0  -2454.36  0.0  0.0
 56    0.0  0.0  -2454.36  0.0  0.0
 57    0.0  0.0  -2454.36  0.0  0.0
 58    0.0  0.0  -2454.36  0.0  0.0
 59    0.0  0.0  -2454.36  0.0  0.0
 60    0.0  0.0  -2454.36  0.0  0.0
 61    0.0  0.0  -2454.36  0.0  0.0
 62    0.0  0.0  -2454.36  0.0  0.0
 63    0.0  0.0  -2454.36  0.0  0.0
 64    0.0  0.0  -2454.36  0.0  0.0
 65    0.0  0.0  -2454.36  0.0  0.0
 66    0.0  0.0  -2454.36  0.0  0.0
 67    0.0  0.0  -2454.36  0.0  0.0
 68    0.0  0.0  -2454.36  0.0  0.0
 69    0.0  0.0  -2454.36  0.0  0.0
 70    0.0  0.0  -2454.36  0.0  0.0
 71    0.0  0.0  -2454.36  0.0  0.0
 -10
node no. with stress and stress vector in lamina xx,yy,xy,zx,yz
 -10


How many elements do you want in horizontal?
8
How many elements do you want in vertical?
7
What is the Radius?
33
What is the Angle?
45
What is the Length?
40
What is the Thickness?
.25
What type of element is this for?
1) brick 
2) shell 
2

