   numel numnp nmat nmode integ_flag This is a shell cylinder
     16   25    1    0    1
 matl no., E mod., Poiss. Ratio, density, shear fac. 
    0 432000000.0000    0.0000 2770.0000    0.8333
el no., connectivity, matl no
   0    0    5    6    1   0
   1    1    6    7    2   0
   2    2    7    8    3   0
   3    3    8    9    4   0
   4    5   10   11    6   0
   5    6   11   12    7   0
   6    7   12   13    8   0
   7    8   13   14    9   0
   8   10   15   16   11   0
   9   11   16   17   12   0
  10   12   17   18   13   0
  11   13   18   19   14   0
  12   15   20   21   16   0
  13   16   21   22   17   0
  14   17   22   23   18   0
  15   18   23   24   19   0
node no. coordinates
   0   0.16070   0.00000   0.19151 
   1   0.12500   0.00000   0.21651 
   2   0.08551   0.00000   0.23492 
   3   0.04341   0.00000   0.24620 
   4  -0.00000   0.00000   0.25000 
   5   0.16070   0.06250   0.19151 
   6   0.12500   0.06250   0.21651 
   7   0.08551   0.06250   0.23492 
   8   0.04341   0.06250   0.24620 
   9  -0.00000   0.06250   0.25000 
  10   0.16070   0.12500   0.19151 
  11   0.12500   0.12500   0.21651 
  12   0.08551   0.12500   0.23492 
  13   0.04341   0.12500   0.24620 
  14  -0.00000   0.12500   0.25000 
  15   0.16070   0.18750   0.19151 
  16   0.12500   0.18750   0.21651 
  17   0.08551   0.18750   0.23492 
  18   0.04341   0.18750   0.24620 
  19  -0.00000   0.18750   0.25000 
  20   0.16070   0.25000   0.19151 
  21   0.12500   0.25000   0.21651 
  22   0.08551   0.25000   0.23492 
  23   0.04341   0.25000   0.24620 
  24  -0.00000   0.25000   0.25000 
The corresponding top nodes are:
   0   0.16230   0.00000   0.19343 
   1   0.12625   0.00000   0.21867 
   2   0.08636   0.00000   0.23727 
   3   0.04385   0.00000   0.24866 
   4  -0.00000   0.00000   0.25250 
   5   0.16230   0.06250   0.19343 
   6   0.12625   0.06250   0.21867 
   7   0.08636   0.06250   0.23727 
   8   0.04385   0.06250   0.24866 
   9  -0.00000   0.06250   0.25250 
  10   0.16230   0.12500   0.19343 
  11   0.12625   0.12500   0.21867 
  12   0.08636   0.12500   0.23727 
  13   0.04385   0.12500   0.24866 
  14  -0.00000   0.12500   0.25250 
  15   0.16230   0.18750   0.19343 
  16   0.12625   0.18750   0.21867 
  17   0.08636   0.18750   0.23727 
  18   0.04385   0.18750   0.24866 
  19  -0.00000   0.18750   0.25250 
  20   0.16230   0.25000   0.19343 
  21   0.12625   0.25000   0.21867 
  22   0.08636   0.25000   0.23727 
  23   0.04385   0.25000   0.24866 
  24  -0.00000   0.25000   0.25250 
prescribed displacement x: node  disp value
 -10
prescribed displacement y: node  disp value
 -10
prescribed displacement z: node  disp value
 -10
prescribed angle phi x: node angle value
 -10
prescribed angle phi y: node angle value
 -10
node with point load x, y, z and 2 moments phi x, phi y
 -10
node no. with stress and stress vector in lamina xx,yy,xy,zx,yz
 -10
