numel numnp nmat  nmode  integ_flag This is the vessel
800 840  1  0 1

matl no., E mod., Poiss., density, Ratio, thickness, shear fac.
  0  4.32e8  0.0   9290.0000   0.25 0.8333333

 el no., connectivity, matl no
0 0 40  41 1 0
1 1 41  42 2 0
2 2 42  43 3 0
3 3 43  44 4 0
4 4 44  45 5 0
5 5 45  46 6 0
6 6 46  47 7 0
7 7 47  48 8 0
8 8 48  49 9 0
9 9 49  50 10 0
10 10 50  51 11 0
11 11 51  52 12 0
12 12 52  53 13 0
13 13 53  54 14 0
14 14 54  55 15 0
15 15 55  56 16 0
16 16 56  57 17 0
17 17 57  58 18 0
18 18 58  59 19 0
19 19 59  60 20 0
20 20 60  61 21 0
21 21 61  62 22 0
22 22 62  63 23 0
23 23 63  64 24 0
24 24 64  65 25 0
25 25 65  66 26 0
26 26 66  67 27 0
27 27 67  68 28 0
28 28 68  69 29 0
29 29 69  70 30 0
30 30 70  71 31 0
31 31 71  72 32 0
32 32 72  73 33 0
33 33 73  74 34 0
34 34 74  75 35 0
35 35 75  76 36 0
36 36 76  77 37 0
37 37 77  78 38 0
38 38 78  79 39 0
39 39 79 40  0 0

40 40 80  81 41 0
41 41 81  82 42 0
42 42 82  83 43 0
43 43 83  84 44 0
44 44 84  85 45 0
45 45 85  86 46 0
46 46 86  87 47 0
47 47 87  88 48 0
48 48 88  89 49 0
49 49 89  90 50 0
50 50 90  91 51 0
51 51 91  92 52 0
52 52 92  93 53 0
53 53 93  94 54 0
54 54 94  95 55 0
55 55 95  96 56 0
56 56 96  97 57 0
57 57 97  98 58 0
58 58 98  99 59 0
59 59 99  100 60 0
60 60 100  101 61 0
61 61 101  102 62 0
62 62 102  103 63 0
63 63 103  104 64 0
64 64 104  105 65 0
65 65 105  106 66 0
66 66 106  107 67 0
67 67 107  108 68 0
68 68 108  109 69 0
69 69 109  110 70 0
70 70 110  111 71 0
71 71 111  112 72 0
72 72 112  113 73 0
73 73 113  114 74 0
74 74 114  115 75 0
75 75 115  116 76 0
76 76 116  117 77 0
77 77 117  118 78 0
78 78 118  119 79 0
79 79 119 80  40 0

80 80 120  121 81 0
81 81 121  122 82 0
82 82 122  123 83 0
83 83 123  124 84 0
84 84 124  125 85 0
85 85 125  126 86 0
86 86 126  127 87 0
87 87 127  128 88 0
88 88 128  129 89 0
89 89 129  130 90 0
90 90 130  131 91 0
91 91 131  132 92 0
92 92 132  133 93 0
93 93 133  134 94 0
94 94 134  135 95 0
95 95 135  136 96 0
96 96 136  137 97 0
97 97 137  138 98 0
98 98 138  139 99 0
99 99 139  140 100 0
100 100 140  141 101 0
101 101 141  142 102 0
102 102 142  143 103 0
103 103 143  144 104 0
104 104 144  145 105 0
105 105 145  146 106 0
106 106 146  147 107 0
107 107 147  148 108 0
108 108 148  149 109 0
109 109 149  150 110 0
110 110 150  151 111 0
111 111 151  152 112 0
112 112 152  153 113 0
113 113 153  154 114 0
114 114 154  155 115 0
115 115 155  156 116 0
116 116 156  157 117 0
117 117 157  158 118 0
118 118 158  159 119 0
119 119 159 120  80 0

120 120 160  161 121 0
121 121 161  162 122 0
122 122 162  163 123 0
123 123 163  164 124 0
124 124 164  165 125 0
125 125 165  166 126 0
126 126 166  167 127 0
127 127 167  168 128 0
128 128 168  169 129 0
129 129 169  170 130 0
130 130 170  171 131 0
131 131 171  172 132 0
132 132 172  173 133 0
133 133 173  174 134 0
134 134 174  175 135 0
135 135 175  176 136 0
136 136 176  177 137 0
137 137 177  178 138 0
138 138 178  179 139 0
139 139 179  180 140 0
140 140 180  181 141 0
141 141 181  182 142 0
142 142 182  183 143 0
143 143 183  184 144 0
144 144 184  185 145 0
145 145 185  186 146 0
146 146 186  187 147 0
147 147 187  188 148 0
148 148 188  189 149 0
149 149 189  190 150 0
150 150 190  191 151 0
151 151 191  192 152 0
152 152 192  193 153 0
153 153 193  194 154 0
154 154 194  195 155 0
155 155 195  196 156 0
156 156 196  197 157 0
157 157 197  198 158 0
158 158 198  199 159 0
159 159 199 160  120 0

160 160 200  201 161 0
161 161 201  202 162 0
162 162 202  203 163 0
163 163 203  204 164 0
164 164 204  205 165 0
165 165 205  206 166 0
166 166 206  207 167 0
167 167 207  208 168 0
168 168 208  209 169 0
169 169 209  210 170 0
170 170 210  211 171 0
171 171 211  212 172 0
172 172 212  213 173 0
173 173 213  214 174 0
174 174 214  215 175 0
175 175 215  216 176 0
176 176 216  217 177 0
177 177 217  218 178 0
178 178 218  219 179 0
179 179 219  220 180 0
180 180 220  221 181 0
181 181 221  222 182 0
182 182 222  223 183 0
183 183 223  224 184 0
184 184 224  225 185 0
185 185 225  226 186 0
186 186 226  227 187 0
187 187 227  228 188 0
188 188 228  229 189 0
189 189 229  230 190 0
190 190 230  231 191 0
191 191 231  232 192 0
192 192 232  233 193 0
193 193 233  234 194 0
194 194 234  235 195 0
195 195 235  236 196 0
196 196 236  237 197 0
197 197 237  238 198 0
198 198 238  239 199 0
199 199 239 200  160 0

200 200 240  241 201 0
201 201 241  242 202 0
202 202 242  243 203 0
203 203 243  244 204 0
204 204 244  245 205 0
205 205 245  246 206 0
206 206 246  247 207 0
207 207 247  248 208 0
208 208 248  249 209 0
209 209 249  250 210 0
210 210 250  251 211 0
211 211 251  252 212 0
212 212 252  253 213 0
213 213 253  254 214 0
214 214 254  255 215 0
215 215 255  256 216 0
216 216 256  257 217 0
217 217 257  258 218 0
218 218 258  259 219 0
219 219 259  260 220 0
220 220 260  261 221 0
221 221 261  262 222 0
222 222 262  263 223 0
223 223 263  264 224 0
224 224 264  265 225 0
225 225 265  266 226 0
226 226 266  267 227 0
227 227 267  268 228 0
228 228 268  269 229 0
229 229 269  270 230 0
230 230 270  271 231 0
231 231 271  272 232 0
232 232 272  273 233 0
233 233 273  274 234 0
234 234 274  275 235 0
235 235 275  276 236 0
236 236 276  277 237 0
237 237 277  278 238 0
238 238 278  279 239 0
239 239 279 240  200 0

240 240 280  281 241 0
241 241 281  282 242 0
242 242 282  283 243 0
243 243 283  284 244 0
244 244 284  285 245 0
245 245 285  286 246 0
246 246 286  287 247 0
247 247 287  288 248 0
248 248 288  289 249 0
249 249 289  290 250 0
250 250 290  291 251 0
251 251 291  292 252 0
252 252 292  293 253 0
253 253 293  294 254 0
254 254 294  295 255 0
255 255 295  296 256 0
256 256 296  297 257 0
257 257 297  298 258 0
258 258 298  299 259 0
259 259 299  300 260 0
260 260 300  301 261 0
261 261 301  302 262 0
262 262 302  303 263 0
263 263 303  304 264 0
264 264 304  305 265 0
265 265 305  306 266 0
266 266 306  307 267 0
267 267 307  308 268 0
268 268 308  309 269 0
269 269 309  310 270 0
270 270 310  311 271 0
271 271 311  312 272 0
272 272 312  313 273 0
273 273 313  314 274 0
274 274 314  315 275 0
275 275 315  316 276 0
276 276 316  317 277 0
277 277 317  318 278 0
278 278 318  319 279 0
279 279 319 280  240 0

280 280 320  321 281 0
281 281 321  322 282 0
282 282 322  323 283 0
283 283 323  324 284 0
284 284 324  325 285 0
285 285 325  326 286 0
286 286 326  327 287 0
287 287 327  328 288 0
288 288 328  329 289 0
289 289 329  330 290 0
290 290 330  331 291 0
291 291 331  332 292 0
292 292 332  333 293 0
293 293 333  334 294 0
294 294 334  335 295 0
295 295 335  336 296 0
296 296 336  337 297 0
297 297 337  338 298 0
298 298 338  339 299 0
299 299 339  340 300 0
300 300 340  341 301 0
301 301 341  342 302 0
302 302 342  343 303 0
303 303 343  344 304 0
304 304 344  345 305 0
305 305 345  346 306 0
306 306 346  347 307 0
307 307 347  348 308 0
308 308 348  349 309 0
309 309 349  350 310 0
310 310 350  351 311 0
311 311 351  352 312 0
312 312 352  353 313 0
313 313 353  354 314 0
314 314 354  355 315 0
315 315 355  356 316 0
316 316 356  357 317 0
317 317 357  358 318 0
318 318 358  359 319 0
319 319 359 320  280 0

320 320 360  361 321 0
321 321 361  362 322 0
322 322 362  363 323 0
323 323 363  364 324 0
324 324 364  365 325 0
325 325 365  366 326 0
326 326 366  367 327 0
327 327 367  368 328 0
328 328 368  369 329 0
329 329 369  370 330 0
330 330 370  371 331 0
331 331 371  372 332 0
332 332 372  373 333 0
333 333 373  374 334 0
334 334 374  375 335 0
335 335 375  376 336 0
336 336 376  377 337 0
337 337 377  378 338 0
338 338 378  379 339 0
339 339 379  380 340 0
340 340 380  381 341 0
341 341 381  382 342 0
342 342 382  383 343 0
343 343 383  384 344 0
344 344 384  385 345 0
345 345 385  386 346 0
346 346 386  387 347 0
347 347 387  388 348 0
348 348 388  389 349 0
349 349 389  390 350 0
350 350 390  391 351 0
351 351 391  392 352 0
352 352 392  393 353 0
353 353 393  394 354 0
354 354 394  395 355 0
355 355 395  396 356 0
356 356 396  397 357 0
357 357 397  398 358 0
358 358 398  399 359 0
359 359 399 360  320 0

360 360 400  401 361 0
361 361 401  402 362 0
362 362 402  403 363 0
363 363 403  404 364 0
364 364 404  405 365 0
365 365 405  406 366 0
366 366 406  407 367 0
367 367 407  408 368 0
368 368 408  409 369 0
369 369 409  410 370 0
370 370 410  411 371 0
371 371 411  412 372 0
372 372 412  413 373 0
373 373 413  414 374 0
374 374 414  415 375 0
375 375 415  416 376 0
376 376 416  417 377 0
377 377 417  418 378 0
378 378 418  419 379 0
379 379 419  420 380 0
380 380 420  421 381 0
381 381 421  422 382 0
382 382 422  423 383 0
383 383 423  424 384 0
384 384 424  425 385 0
385 385 425  426 386 0
386 386 426  427 387 0
387 387 427  428 388 0
388 388 428  429 389 0
389 389 429  430 390 0
390 390 430  431 391 0
391 391 431  432 392 0
392 392 432  433 393 0
393 393 433  434 394 0
394 394 434  435 395 0
395 395 435  436 396 0
396 396 436  437 397 0
397 397 437  438 398 0
398 398 438  439 399 0
399 399 439 400  360 0

400 400 440  441 401 0
401 401 441  442 402 0
402 402 442  443 403 0
403 403 443  444 404 0
404 404 444  445 405 0
405 405 445  446 406 0
406 406 446  447 407 0
407 407 447  448 408 0
408 408 448  449 409 0
409 409 449  450 410 0
410 410 450  451 411 0
411 411 451  452 412 0
412 412 452  453 413 0
413 413 453  454 414 0
414 414 454  455 415 0
415 415 455  456 416 0
416 416 456  457 417 0
417 417 457  458 418 0
418 418 458  459 419 0
419 419 459  460 420 0
420 420 460  461 421 0
421 421 461  462 422 0
422 422 462  463 423 0
423 423 463  464 424 0
424 424 464  465 425 0
425 425 465  466 426 0
426 426 466  467 427 0
427 427 467  468 428 0
428 428 468  469 429 0
429 429 469  470 430 0
430 430 470  471 431 0
431 431 471  472 432 0
432 432 472  473 433 0
433 433 473  474 434 0
434 434 474  475 435 0
435 435 475  476 436 0
436 436 476  477 437 0
437 437 477  478 438 0
438 438 478  479 439 0
439 439 479 440  400 0

440 440 480  481 441 0
441 441 481  482 442 0
442 442 482  483 443 0
443 443 483  484 444 0
444 444 484  485 445 0
445 445 485  486 446 0
446 446 486  487 447 0
447 447 487  488 448 0
448 448 488  489 449 0
449 449 489  490 450 0
450 450 490  491 451 0
451 451 491  492 452 0
452 452 492  493 453 0
453 453 493  494 454 0
454 454 494  495 455 0
455 455 495  496 456 0
456 456 496  497 457 0
457 457 497  498 458 0
458 458 498  499 459 0
459 459 499  500 460 0
460 460 500  501 461 0
461 461 501  502 462 0
462 462 502  503 463 0
463 463 503  504 464 0
464 464 504  505 465 0
465 465 505  506 466 0
466 466 506  507 467 0
467 467 507  508 468 0
468 468 508  509 469 0
469 469 509  510 470 0
470 470 510  511 471 0
471 471 511  512 472 0
472 472 512  513 473 0
473 473 513  514 474 0
474 474 514  515 475 0
475 475 515  516 476 0
476 476 516  517 477 0
477 477 517  518 478 0
478 478 518  519 479 0
479 479 519 480  440 0

480 480 520  521 481 0
481 481 521  522 482 0
482 482 522  523 483 0
483 483 523  524 484 0
484 484 524  525 485 0
485 485 525  526 486 0
486 486 526  527 487 0
487 487 527  528 488 0
488 488 528  529 489 0
489 489 529  530 490 0
490 490 530  531 491 0
491 491 531  532 492 0
492 492 532  533 493 0
493 493 533  534 494 0
494 494 534  535 495 0
495 495 535  536 496 0
496 496 536  537 497 0
497 497 537  538 498 0
498 498 538  539 499 0
499 499 539  540 500 0
500 500 540  541 501 0
501 501 541  542 502 0
502 502 542  543 503 0
503 503 543  544 504 0
504 504 544  545 505 0
505 505 545  546 506 0
506 506 546  547 507 0
507 507 547  548 508 0
508 508 548  549 509 0
509 509 549  550 510 0
510 510 550  551 511 0
511 511 551  552 512 0
512 512 552  553 513 0
513 513 553  554 514 0
514 514 554  555 515 0
515 515 555  556 516 0
516 516 556  557 517 0
517 517 557  558 518 0
518 518 558  559 519 0
519 519 559 520  480 0

520 520 560  561 521 0
521 521 561  562 522 0
522 522 562  563 523 0
523 523 563  564 524 0
524 524 564  565 525 0
525 525 565  566 526 0
526 526 566  567 527 0
527 527 567  568 528 0
528 528 568  569 529 0
529 529 569  570 530 0
530 530 570  571 531 0
531 531 571  572 532 0
532 532 572  573 533 0
533 533 573  574 534 0
534 534 574  575 535 0
535 535 575  576 536 0
536 536 576  577 537 0
537 537 577  578 538 0
538 538 578  579 539 0
539 539 579  580 540 0
540 540 580  581 541 0
541 541 581  582 542 0
542 542 582  583 543 0
543 543 583  584 544 0
544 544 584  585 545 0
545 545 585  586 546 0
546 546 586  587 547 0
547 547 587  588 548 0
548 548 588  589 549 0
549 549 589  590 550 0
550 550 590  591 551 0
551 551 591  592 552 0
552 552 592  593 553 0
553 553 593  594 554 0
554 554 594  595 555 0
555 555 595  596 556 0
556 556 596  597 557 0
557 557 597  598 558 0
558 558 598  599 559 0
559 559 599 560  520 0

560 560 600  601 561 0
561 561 601  602 562 0
562 562 602  603 563 0
563 563 603  604 564 0
564 564 604  605 565 0
565 565 605  606 566 0
566 566 606  607 567 0
567 567 607  608 568 0
568 568 608  609 569 0
569 569 609  610 570 0
570 570 610  611 571 0
571 571 611  612 572 0
572 572 612  613 573 0
573 573 613  614 574 0
574 574 614  615 575 0
575 575 615  616 576 0
576 576 616  617 577 0
577 577 617  618 578 0
578 578 618  619 579 0
579 579 619  620 580 0
580 580 620  621 581 0
581 581 621  622 582 0
582 582 622  623 583 0
583 583 623  624 584 0
584 584 624  625 585 0
585 585 625  626 586 0
586 586 626  627 587 0
587 587 627  628 588 0
588 588 628  629 589 0
589 589 629  630 590 0
590 590 630  631 591 0
591 591 631  632 592 0
592 592 632  633 593 0
593 593 633  634 594 0
594 594 634  635 595 0
595 595 635  636 596 0
596 596 636  637 597 0
597 597 637  638 598 0
598 598 638  639 599 0
599 599 639 600  560 0

600 600 640  641 601 0
601 601 641  642 602 0
602 602 642  643 603 0
603 603 643  644 604 0
604 604 644  645 605 0
605 605 645  646 606 0
606 606 646  647 607 0
607 607 647  648 608 0
608 608 648  649 609 0
609 609 649  650 610 0
610 610 650  651 611 0
611 611 651  652 612 0
612 612 652  653 613 0
613 613 653  654 614 0
614 614 654  655 615 0
615 615 655  656 616 0
616 616 656  657 617 0
617 617 657  658 618 0
618 618 658  659 619 0
619 619 659  660 620 0
620 620 660  661 621 0
621 621 661  662 622 0
622 622 662  663 623 0
623 623 663  664 624 0
624 624 664  665 625 0
625 625 665  666 626 0
626 626 666  667 627 0
627 627 667  668 628 0
628 628 668  669 629 0
629 629 669  670 630 0
630 630 670  671 631 0
631 631 671  672 632 0
632 632 672  673 633 0
633 633 673  674 634 0
634 634 674  675 635 0
635 635 675  676 636 0
636 636 676  677 637 0
637 637 677  678 638 0
638 638 678  679 639 0
639 639 679 640  600 0

640 640 680  681 641 0
641 641 681  682 642 0
642 642 682  683 643 0
643 643 683  684 644 0
644 644 684  685 645 0
645 645 685  686 646 0
646 646 686  687 647 0
647 647 687  688 648 0
648 648 688  689 649 0
649 649 689  690 650 0
650 650 690  691 651 0
651 651 691  692 652 0
652 652 692  693 653 0
653 653 693  694 654 0
654 654 694  695 655 0
655 655 695  696 656 0
656 656 696  697 657 0
657 657 697  698 658 0
658 658 698  699 659 0
659 659 699  700 660 0
660 660 700  701 661 0
661 661 701  702 662 0
662 662 702  703 663 0
663 663 703  704 664 0
664 664 704  705 665 0
665 665 705  706 666 0
666 666 706  707 667 0
667 667 707  708 668 0
668 668 708  709 669 0
669 669 709  710 670 0
670 670 710  711 671 0
671 671 711  712 672 0
672 672 712  713 673 0
673 673 713  714 674 0
674 674 714  715 675 0
675 675 715  716 676 0
676 676 716  717 677 0
677 677 717  718 678 0
678 678 718  719 679 0
679 679 719 680  640 0

680 680 720  721 681 0
681 681 721  722 682 0
682 682 722  723 683 0
683 683 723  724 684 0
684 684 724  725 685 0
685 685 725  726 686 0
686 686 726  727 687 0
687 687 727  728 688 0
688 688 728  729 689 0
689 689 729  730 690 0
690 690 730  731 691 0
691 691 731  732 692 0
692 692 732  733 693 0
693 693 733  734 694 0
694 694 734  735 695 0
695 695 735  736 696 0
696 696 736  737 697 0
697 697 737  738 698 0
698 698 738  739 699 0
699 699 739  740 700 0
700 700 740  741 701 0
701 701 741  742 702 0
702 702 742  743 703 0
703 703 743  744 704 0
704 704 744  745 705 0
705 705 745  746 706 0
706 706 746  747 707 0
707 707 747  748 708 0
708 708 748  749 709 0
709 709 749  750 710 0
710 710 750  751 711 0
711 711 751  752 712 0
712 712 752  753 713 0
713 713 753  754 714 0
714 714 754  755 715 0
715 715 755  756 716 0
716 716 756  757 717 0
717 717 757  758 718 0
718 718 758  759 719 0
719 719 759 720  680 0

720 720 760  761 721 0
721 721 761  762 722 0
722 722 762  763 723 0
723 723 763  764 724 0
724 724 764  765 725 0
725 725 765  766 726 0
726 726 766  767 727 0
727 727 767  768 728 0
728 728 768  769 729 0
729 729 769  770 730 0
730 730 770  771 731 0
731 731 771  772 732 0
732 732 772  773 733 0
733 733 773  774 734 0
734 734 774  775 735 0
735 735 775  776 736 0
736 736 776  777 737 0
737 737 777  778 738 0
738 738 778  779 739 0
739 739 779  780 740 0
740 740 780  781 741 0
741 741 781  782 742 0
742 742 782  783 743 0
743 743 783  784 744 0
744 744 784  785 745 0
745 745 785  786 746 0
746 746 786  787 747 0
747 747 787  788 748 0
748 748 788  789 749 0
749 749 789  790 750 0
750 750 790  791 751 0
751 751 791  792 752 0
752 752 792  793 753 0
753 753 793  794 754 0
754 754 794  795 755 0
755 755 795  796 756 0
756 756 796  797 757 0
757 757 797  798 758 0
758 758 798  799 759 0
759 759 799 760  720 0

760 760 800  801 761 0
761 761 801  802 762 0
762 762 802  803 763 0
763 763 803  804 764 0
764 764 804  805 765 0
765 765 805  806 766 0
766 766 806  807 767 0
767 767 807  808 768 0
768 768 808  809 769 0
769 769 809  810 770 0
770 770 810  811 771 0
771 771 811  812 772 0
772 772 812  813 773 0
773 773 813  814 774 0
774 774 814  815 775 0
775 775 815  816 776 0
776 776 816  817 777 0
777 777 817  818 778 0
778 778 818  819 779 0
779 779 819  820 780 0
780 780 820  821 781 0
781 781 821  822 782 0
782 782 822  823 783 0
783 783 823  824 784 0
784 784 824  825 785 0
785 785 825  826 786 0
786 786 826  827 787 0
787 787 827  828 788 0
788 788 828  829 789 0
789 789 829  830 790 0
790 790 830  831 791 0
791 791 831  832 792 0
792 792 832  833 793 0
793 793 833  834 794 0
794 794 834  835 795 0
795 795 835  836 796 0
796 796 836  837 797 0
797 797 837  838 798 0
798 798 838  839 799 0
799 799 839 800  760 0

node no., coordinates
0  20.7  0  10
1  20.4451  3.23819  10
2  19.6869  6.39665  10
3  18.4438  9.3976  10
4  16.7467  12.1672  10
5  14.6371  14.6371  10
6  12.1672  16.7467  10
7  9.3976  18.4438  10
8  6.39665  19.6869  10
9  3.23819  20.4452  10
10  -3.37246e-06  20.7  10
11  -3.2382  20.4451  10
12  -6.39666  19.6869  10
13  -9.39761  18.4438  10
14  -12.1672  16.7466  10
15  -14.6371  14.6371  10
16  -16.7467  12.1671  10
17  -18.4438  9.39759  10
18  -19.6869  6.39664  10
19  -20.4452  3.23818  10
20  -20.7  -1.66154e-05  10
21  -20.4451  -3.23821  10
22  -19.6869  -6.39667  10
23  -18.4438  -9.39762  10
24  -16.7466  -12.1672  10
25  -14.6371  -14.6371  10
26  -12.1671  -16.7467  10
27  -9.39758  -18.4438  10
28  -6.39663  -19.6869  10
29  -3.23817  -20.4452  10
30  2.98584e-05  -20.7  10
31  3.23822  -20.4451  10
32  6.39668  -19.6869  10
33  9.39763  -18.4438  10
34  12.1672  -16.7466  10
35  14.6371  -14.6371  10
36  16.7467  -12.1671  10
37  18.4439  -9.39757  10
38  19.6869  -6.39661  10
39  20.4452  -3.23815  10

40  21.5948  0  10.1232
41  21.3289  3.37817  10.1232
42  20.5379  6.67316  10.1232
43  19.2411  9.80383  10.1232
44  17.4706  12.6931  10.1232
45  15.2698  15.2698  10.1232
46  12.6931  17.4706  10.1232
47  9.80383  19.2411  10.1232
48  6.67316  20.5379  10.1232
49  3.37817  21.3289  10.1232
50  -3.51824e-06  21.5948  10.1232
51  -3.37818  21.3289  10.1232
52  -6.67317  20.5379  10.1232
53  -9.80384  19.2411  10.1232
54  -12.6931  17.4706  10.1232
55  -15.2698  15.2698  10.1232
56  -17.4706  12.6931  10.1232
57  -19.2411  9.80382  10.1232
58  -20.5379  6.67315  10.1232
59  -21.3289  3.37816  10.1232
60  -21.5948  -1.73337e-05  10.1232
61  -21.3289  -3.37819  10.1232
62  -20.5379  -6.67318  10.1232
63  -19.2411  -9.80385  10.1232
64  -17.4705  -12.6931  10.1232
65  -15.2698  -15.2698  10.1232
66  -12.6931  -17.4706  10.1232
67  -9.80381  -19.2411  10.1232
68  -6.67313  -20.5379  10.1232
69  -3.37814  -21.3289  10.1232
70  3.11491e-05  -21.5948  10.1232
71  3.3782  -21.3289  10.1232
72  6.67319  -20.5379  10.1232
73  9.80387  -19.2411  10.1232
74  12.6931  -17.4705  10.1232
75  15.2699  -15.2698  10.1232
76  17.4706  -12.6931  10.1232
77  19.2411  -9.8038  10.1232
78  20.5379  -6.67312  10.1232
79  21.3289  -3.37813  10.1232

80  23.0728  0  10.4894
81  22.7887  3.60938  10.4894
82  21.9435  7.12989  10.4894
83  20.558  10.4748  10.4894
84  18.6663  13.5619  10.4894
85  16.3149  16.3149  10.4894
86  13.5619  18.6663  10.4894
87  10.4748  20.558  10.4894
88  7.12989  21.9435  10.4894
89  3.60938  22.7887  10.4894
90  -3.75904e-06  23.0728  10.4894
91  -3.60939  22.7887  10.4894
92  -7.12989  21.9435  10.4894
93  -10.4748  20.558  10.4894
94  -13.5619  18.6663  10.4894
95  -16.3149  16.3149  10.4894
96  -18.6663  13.5618  10.4894
97  -20.558  10.4748  10.4894
98  -21.9435  7.12987  10.4894
99  -22.7887  3.60936  10.4894
100  -23.0728  -1.852e-05  10.4894
101  -22.7887  -3.6094  10.4894
102  -21.9435  -7.12991  10.4894
103  -20.558  -10.4749  10.4894
104  -18.6663  -13.5619  10.4894
105  -16.3149  -16.315  10.4894
106  -13.5618  -18.6663  10.4894
107  -10.4748  -20.558  10.4894
108  -7.12986  -21.9435  10.4894
109  -3.60935  -22.7887  10.4894
110  3.3281e-05  -23.0728  10.4894
111  3.60942  -22.7887  10.4894
112  7.12992  -21.9435  10.4894
113  10.4749  -20.558  10.4894
114  13.5619  -18.6663  10.4894
115  16.315  -16.3149  10.4894
116  18.6663  -13.5618  10.4894
117  20.558  -10.4748  10.4894
118  21.9436  -7.12984  10.4894
119  22.7887  -3.60934  10.4894

120  24.5469  0  11.0901
121  24.2447  3.83998  11.0901
122  23.3455  7.58541  11.0901
123  21.8714  11.1441  11.0901
124  19.8589  14.4283  11.0901
125  17.3573  17.3573  11.0901
126  14.4283  19.8589  11.0901
127  11.1441  21.8714  11.0901
128  7.58541  23.3455  11.0901
129  3.83998  24.2447  11.0901
130  -3.9992e-06  24.5469  11.0901
131  -3.83999  24.2447  11.0901
132  -7.58542  23.3455  11.0901
133  -11.1441  21.8714  11.0901
134  -14.4283  19.8589  11.0901
135  -17.3573  17.3573  11.0901
136  -19.8589  14.4283  11.0901
137  -21.8715  11.144  11.0901
138  -23.3455  7.58539  11.0901
139  -24.2447  3.83996  11.0901
140  -24.5469  -1.97033e-05  11.0901
141  -24.2447  -3.84  11.0901
142  -23.3455  -7.58543  11.0901
143  -21.8714  -11.1441  11.0901
144  -19.8588  -14.4283  11.0901
145  -17.3573  -17.3573  11.0901
146  -14.4283  -19.8589  11.0901
147  -11.144  -21.8715  11.0901
148  -7.58538  -23.3455  11.0901
149  -3.83995  -24.2447  11.0901
150  3.54073e-05  -24.5469  11.0901
151  3.84002  -24.2447  11.0901
152  7.58545  -23.3455  11.0901
153  11.1441  -21.8714  11.0901
154  14.4283  -19.8588  11.0901
155  17.3573  -17.3572  11.0901
156  19.8589  -14.4283  11.0901
157  21.8715  -11.144  11.0901
158  23.3455  -7.58536  11.0901
159  24.2447  -3.83993  11.0901

160  25.8755  0  11.9103
161  25.5569  4.04782  11.9103
162  24.6091  7.99597  11.9103
163  23.0552  11.7472  11.9103
164  20.9337  15.2092  11.9103
165  18.2967  18.2967  11.9103
166  15.2092  20.9337  11.9103
167  11.7472  23.0552  11.9103
168  7.99597  24.6091  11.9103
169  4.04782  25.5569  11.9103
170  -4.21565e-06  25.8755  11.9103
171  -4.04783  25.5569  11.9103
172  -7.99598  24.6091  11.9103
173  -11.7472  23.0552  11.9103
174  -15.2092  20.9337  11.9103
175  -18.2968  18.2967  11.9103
176  -20.9337  15.2092  11.9103
177  -23.0552  11.7472  11.9103
178  -24.6091  7.99595  11.9103
179  -25.5569  4.0478  11.9103
180  -25.8755  -2.07697e-05  11.9103
181  -25.5569  -4.04784  11.9103
182  -24.6091  -7.99599  11.9103
183  -23.0552  -11.7473  11.9103
184  -20.9337  -15.2093  11.9103
185  -18.2967  -18.2968  11.9103
186  -15.2092  -20.9337  11.9103
187  -11.7472  -23.0553  11.9103
188  -7.99594  -24.6091  11.9103
189  -4.04778  -25.5569  11.9103
190  3.73238e-05  -25.8755  11.9103
191  4.04786  -25.5569  11.9103
192  7.99601  -24.6091  11.9103
193  11.7473  -23.0552  11.9103
194  15.2093  -20.9337  11.9103
195  18.2968  -18.2967  11.9103
196  20.9337  -15.2092  11.9103
197  23.0553  -11.7472  11.9103
198  24.6091  -7.99592  11.9103
199  25.5569  -4.04777  11.9103

200  27.0717  0  12.9291
201  26.7384  4.23495  12.9291
202  25.7467  8.36561  12.9291
203  24.1211  12.2903  12.9291
204  21.9015  15.9123  12.9291
205  19.1426  19.1426  12.9291
206  15.9123  21.9015  12.9291
207  12.2903  24.1211  12.9291
208  8.36561  25.7467  12.9291
209  4.23494  26.7384  12.9291
210  -4.41054e-06  27.0717  12.9291
211  -4.23495  26.7384  12.9291
212  -8.36562  25.7467  12.9291
213  -12.2903  24.1211  12.9291
214  -15.9124  21.9015  12.9291
215  -19.1426  19.1426  12.9291
216  -21.9015  15.9123  12.9291
217  -24.1211  12.2903  12.9291
218  -25.7467  8.3656  12.9291
219  -26.7384  4.23493  12.9291
220  -27.0717  -2.17299e-05  12.9291
221  -26.7384  -4.23497  12.9291
222  -25.7467  -8.36564  12.9291
223  -24.121  -12.2903  12.9291
224  -21.9014  -15.9124  12.9291
225  -19.1426  -19.1426  12.9291
226  -15.9123  -21.9015  12.9291
227  -12.2903  -24.1211  12.9291
228  -8.36558  -25.7467  12.9291
229  -4.23491  -26.7384  12.9291
230  3.90492e-05  -27.0717  12.9291
231  4.23499  -26.7384  12.9291
232  8.36566  -25.7467  12.9291
233  12.2903  -24.121  12.9291
234  15.9124  -21.9014  12.9291
235  19.1426  -19.1425  12.9291
236  21.9015  -15.9123  12.9291
237  24.1211  -12.2902  12.9291
238  25.7467  -8.36556  12.9291
239  26.7384  -4.23489  12.9291

240  28.0895  0  14.122
241  27.7437  4.39417  14.122
242  26.7147  8.68013  14.122
243  25.0279  12.7524  14.122
244  22.7249  16.5106  14.122
245  19.8623  19.8623  14.122
246  16.5106  22.7249  14.122
247  12.7524  25.0279  14.122
248  8.68013  26.7147  14.122
249  4.39416  27.7437  14.122
250  -4.57636e-06  28.0895  14.122
251  -4.39417  27.7437  14.122
252  -8.68014  26.7147  14.122
253  -12.7524  25.0279  14.122
254  -16.5106  22.7249  14.122
255  -19.8623  19.8623  14.122
256  -22.7249  16.5106  14.122
257  -25.0279  12.7524  14.122
258  -26.7147  8.68011  14.122
259  -27.7437  4.39415  14.122
260  -28.0895  -2.25468e-05  14.122
261  -27.7437  -4.39419  14.122
262  -26.7147  -8.68016  14.122
263  -25.0279  -12.7524  14.122
264  -22.7249  -16.5106  14.122
265  -19.8623  -19.8623  14.122
266  -16.5106  -22.7249  14.122
267  -12.7523  -25.0279  14.122
268  -8.6801  -26.7147  14.122
269  -4.39413  -27.7437  14.122
270  4.05173e-05  -28.0895  14.122
271  4.39421  -27.7437  14.122
272  8.68017  -26.7147  14.122
273  12.7524  -25.0279  14.122
274  16.5106  -22.7249  14.122
275  19.8623  -19.8622  14.122
276  22.7249  -16.5106  14.122
277  25.028  -12.7523  14.122
278  26.7147  -8.68008  14.122
279  27.7437  -4.39411  14.122

280  28.91  0  15.4602
281  28.5541  4.52252  15.4602
282  27.495  8.93368  15.4602
283  25.759  13.1249  15.4602
284  23.3887  16.9929  15.4602
285  20.4425  20.4425  15.4602
286  16.9929  23.3887  15.4602
287  13.1249  25.759  15.4602
288  8.93368  27.495  15.4602
289  4.52252  28.5541  15.4602
290  -4.71004e-06  28.91  15.4602
291  -4.52253  28.5541  15.4602
292  -8.93369  27.495  15.4602
293  -13.1249  25.759  15.4602
294  -16.9929  23.3887  15.4602
295  -20.4425  20.4424  15.4602
296  -23.3887  16.9929  15.4602
297  -25.759  13.1248  15.4602
298  -27.4951  8.93366  15.4602
299  -28.5541  4.5225  15.4602
300  -28.91  -2.32054e-05  15.4602
301  -28.5541  -4.52255  15.4602
302  -27.495  -8.93371  15.4602
303  -25.759  -13.1249  15.4602
304  -23.3887  -16.9929  15.4602
305  -20.4424  -20.4425  15.4602
306  -16.9928  -23.3887  15.4602
307  -13.1248  -25.759  15.4602
308  -8.93365  -27.4951  15.4602
309  -4.52248  -28.5541  15.4602
310  4.17008e-05  -28.91  15.4602
311  4.52256  -28.5541  15.4602
312  8.93372  -27.495  15.4602
313  13.1249  -25.759  15.4602
314  16.9929  -23.3887  15.4602
315  20.4425  -20.4424  15.4602
316  23.3887  -16.9928  15.4602
317  25.759  -13.1248  15.4602
318  27.4951  -8.93363  15.4602
319  28.5541  -4.52246  15.4602

320  29.5105  0  16.91
321  29.1472  4.61646  16.91
322  28.0662  9.11925  16.91
323  26.294  13.3975  16.91
324  23.8745  17.3458  16.91
325  20.8671  20.8671  16.91
326  17.3458  23.8745  16.91
327  13.3975  26.294  16.91
328  9.11924  28.0662  16.91
329  4.61646  29.1472  16.91
330  -4.80787e-06  29.5105  16.91
331  -4.61647  29.1472  16.91
332  -9.11925  28.0662  16.91
333  -13.3975  26.294  16.91
334  -17.3458  23.8745  16.91
335  -20.8671  20.8671  16.91
336  -23.8745  17.3458  16.91
337  -26.2941  13.3975  16.91
338  -28.0662  9.11923  16.91
339  -29.1472  4.61644  16.91
340  -29.5105  -2.36874e-05  16.91
341  -29.1472  -4.61648  16.91
342  -28.0661  -9.11927  16.91
343  -26.294  -13.3975  16.91
344  -23.8745  -17.3459  16.91
345  -20.8671  -20.8671  16.91
346  -17.3458  -23.8745  16.91
347  -13.3975  -26.2941  16.91
348  -9.11921  -28.0662  16.91
349  -4.61642  -29.1472  16.91
350  4.2567e-05  -29.5105  16.91
351  4.6165  -29.1472  16.91
352  9.11929  -28.0661  16.91
353  13.3975  -26.294  16.91
354  17.3459  -23.8745  16.91
355  20.8671  -20.867  16.91
356  23.8745  -17.3458  16.91
357  26.2941  -13.3974  16.91
358  28.0662  -9.11919  16.91
359  29.1472  -4.6164  16.91

360  29.8768  0  18.4356
361  29.509  4.67376  18.4356
362  28.4145  9.23244  18.4356
363  26.6204  13.5638  18.4356
364  24.1708  17.5611  18.4356
365  21.1261  21.1261  18.4356
366  17.5611  24.1708  18.4356
367  13.5638  26.6204  18.4356
368  9.23244  28.4145  18.4356
369  4.67376  29.509  18.4356
370  -4.86755e-06  29.8768  18.4356
371  -4.67377  29.509  18.4356
372  -9.23245  28.4145  18.4356
373  -13.5638  26.6204  18.4356
374  -17.5612  24.1708  18.4356
375  -21.1261  21.1261  18.4356
376  -24.1708  17.5611  18.4356
377  -26.6204  13.5638  18.4356
378  -28.4145  9.23242  18.4356
379  -29.509  4.67374  18.4356
380  -29.8768  -2.39815e-05  18.4356
381  -29.509  -4.67379  18.4356
382  -28.4145  -9.23247  18.4356
383  -26.6204  -13.5638  18.4356
384  -24.1708  -17.5612  18.4356
385  -21.1261  -21.1261  18.4356
386  -17.5611  -24.1709  18.4356
387  -13.5638  -26.6204  18.4356
388  -9.2324  -28.4145  18.4356
389  -4.67372  -29.509  18.4356
390  4.30954e-05  -29.8768  18.4356
391  4.67381  -29.509  18.4356
392  9.23248  -28.4145  18.4356
393  13.5638  -26.6204  18.4356
394  17.5612  -24.1708  18.4356
395  21.1261  -21.1261  18.4356
396  24.1709  -17.5611  18.4356
397  26.6204  -13.5637  18.4356
398  28.4145  -9.23238  18.4356
399  29.509  -4.6737  18.4356

400  30  0  20
401  29.6306  4.69303  20
402  28.5317  9.27051  20
403  26.7302  13.6197  20
404  24.2705  17.6336  20
405  21.2132  21.2132  20
406  17.6336  24.2705  20
407  13.6197  26.7302  20
408  9.27051  28.5317  20
409  4.69303  29.6307  20
410  -4.88762e-06  30  20
411  -4.69304  29.6306  20
412  -9.27052  28.5317  20
413  -13.6197  26.7302  20
414  -17.6336  24.2705  20
415  -21.2132  21.2132  20
416  -24.2705  17.6335  20
417  -26.7302  13.6197  20
418  -28.5317  9.27049  20
419  -29.6307  4.69301  20
420  -30  -2.40804e-05  20
421  -29.6306  -4.69306  20
422  -28.5317  -9.27054  20
423  -26.7302  -13.6197  20
424  -24.2705  -17.6336  20
425  -21.2132  -21.2132  20
426  -17.6335  -24.2705  20
427  -13.6197  -26.7302  20
428  -9.27047  -28.5317  20
429  -4.69299  -29.6307  20
430  4.32731e-05  -30  20
431  4.69308  -29.6306  20
432  9.27055  -28.5317  20
433  13.6198  -26.7302  20
434  17.6336  -24.2705  20
435  21.2132  -21.2132  20
436  24.2705  -17.6335  20
437  26.7302  -13.6197  20
438  28.5317  -9.27045  20
439  29.6307  -4.69297  20

440  29.8768  0  21.5644
441  29.509  4.67376  21.5644
442  28.4145  9.23244  21.5644
443  26.6204  13.5638  21.5644
444  24.1708  17.5611  21.5644
445  21.1261  21.1261  21.5644
446  17.5611  24.1708  21.5644
447  13.5638  26.6204  21.5644
448  9.23244  28.4145  21.5644
449  4.67376  29.509  21.5644
450  -4.86755e-06  29.8768  21.5644
451  -4.67377  29.509  21.5644
452  -9.23245  28.4145  21.5644
453  -13.5638  26.6204  21.5644
454  -17.5612  24.1708  21.5644
455  -21.1261  21.1261  21.5644
456  -24.1708  17.5611  21.5644
457  -26.6204  13.5638  21.5644
458  -28.4145  9.23242  21.5644
459  -29.509  4.67374  21.5644
460  -29.8768  -2.39815e-05  21.5644
461  -29.509  -4.67379  21.5644
462  -28.4145  -9.23247  21.5644
463  -26.6204  -13.5638  21.5644
464  -24.1708  -17.5612  21.5644
465  -21.1261  -21.1261  21.5644
466  -17.5611  -24.1709  21.5644
467  -13.5638  -26.6204  21.5644
468  -9.2324  -28.4145  21.5644
469  -4.67372  -29.509  21.5644
470  4.30954e-05  -29.8768  21.5644
471  4.67381  -29.509  21.5644
472  9.23248  -28.4145  21.5644
473  13.5638  -26.6204  21.5644
474  17.5612  -24.1708  21.5644
475  21.1261  -21.1261  21.5644
476  24.1709  -17.5611  21.5644
477  26.6204  -13.5637  21.5644
478  28.4145  -9.23238  21.5644
479  29.509  -4.6737  21.5644

480  29.5105  0  23.09
481  29.1472  4.61646  23.09
482  28.0662  9.11925  23.09
483  26.294  13.3975  23.09
484  23.8745  17.3458  23.09
485  20.8671  20.8671  23.09
486  17.3458  23.8745  23.09
487  13.3975  26.294  23.09
488  9.11924  28.0662  23.09
489  4.61646  29.1472  23.09
490  -4.80787e-06  29.5105  23.09
491  -4.61647  29.1472  23.09
492  -9.11925  28.0662  23.09
493  -13.3975  26.294  23.09
494  -17.3458  23.8745  23.09
495  -20.8671  20.8671  23.09
496  -23.8745  17.3458  23.09
497  -26.2941  13.3975  23.09
498  -28.0662  9.11923  23.09
499  -29.1472  4.61644  23.09
500  -29.5105  -2.36874e-05  23.09
501  -29.1472  -4.61648  23.09
502  -28.0661  -9.11927  23.09
503  -26.294  -13.3975  23.09
504  -23.8745  -17.3459  23.09
505  -20.8671  -20.8671  23.09
506  -17.3458  -23.8745  23.09
507  -13.3975  -26.2941  23.09
508  -9.11921  -28.0662  23.09
509  -4.61642  -29.1472  23.09
510  4.2567e-05  -29.5105  23.09
511  4.6165  -29.1472  23.09
512  9.11929  -28.0661  23.09
513  13.3975  -26.294  23.09
514  17.3459  -23.8745  23.09
515  20.8671  -20.867  23.09
516  23.8745  -17.3458  23.09
517  26.2941  -13.3974  23.09
518  28.0662  -9.11919  23.09
519  29.1472  -4.6164  23.09

520  28.91  0  24.5398
521  28.5541  4.52252  24.5398
522  27.495  8.93368  24.5398
523  25.759  13.1249  24.5398
524  23.3887  16.9929  24.5398
525  20.4425  20.4425  24.5398
526  16.9929  23.3887  24.5398
527  13.1249  25.759  24.5398
528  8.93368  27.495  24.5398
529  4.52252  28.5541  24.5398
530  -4.71004e-06  28.91  24.5398
531  -4.52253  28.5541  24.5398
532  -8.93369  27.495  24.5398
533  -13.1249  25.759  24.5398
534  -16.9929  23.3887  24.5398
535  -20.4425  20.4424  24.5398
536  -23.3887  16.9929  24.5398
537  -25.759  13.1248  24.5398
538  -27.4951  8.93366  24.5398
539  -28.5541  4.5225  24.5398
540  -28.91  -2.32054e-05  24.5398
541  -28.5541  -4.52255  24.5398
542  -27.495  -8.93371  24.5398
543  -25.759  -13.1249  24.5398
544  -23.3887  -16.9929  24.5398
545  -20.4424  -20.4425  24.5398
546  -16.9928  -23.3887  24.5398
547  -13.1248  -25.759  24.5398
548  -8.93365  -27.4951  24.5398
549  -4.52248  -28.5541  24.5398
550  4.17008e-05  -28.91  24.5398
551  4.52256  -28.5541  24.5398
552  8.93372  -27.495  24.5398
553  13.1249  -25.759  24.5398
554  16.9929  -23.3887  24.5398
555  20.4425  -20.4424  24.5398
556  23.3887  -16.9928  24.5398
557  25.759  -13.1248  24.5398
558  27.4951  -8.93363  24.5398
559  28.5541  -4.52246  24.5398

560  28.0895  0  25.878
561  27.7437  4.39417  25.878
562  26.7147  8.68013  25.878
563  25.0279  12.7524  25.878
564  22.7249  16.5106  25.878
565  19.8623  19.8623  25.878
566  16.5106  22.7249  25.878
567  12.7524  25.0279  25.878
568  8.68013  26.7147  25.878
569  4.39416  27.7437  25.878
570  -4.57636e-06  28.0895  25.878
571  -4.39417  27.7437  25.878
572  -8.68014  26.7147  25.878
573  -12.7524  25.0279  25.878
574  -16.5106  22.7249  25.878
575  -19.8623  19.8623  25.878
576  -22.7249  16.5106  25.878
577  -25.0279  12.7524  25.878
578  -26.7147  8.68011  25.878
579  -27.7437  4.39415  25.878
580  -28.0895  -2.25468e-05  25.878
581  -27.7437  -4.39419  25.878
582  -26.7147  -8.68016  25.878
583  -25.0279  -12.7524  25.878
584  -22.7249  -16.5106  25.878
585  -19.8623  -19.8623  25.878
586  -16.5106  -22.7249  25.878
587  -12.7523  -25.0279  25.878
588  -8.6801  -26.7147  25.878
589  -4.39413  -27.7437  25.878
590  4.05173e-05  -28.0895  25.878
591  4.39421  -27.7437  25.878
592  8.68017  -26.7147  25.878
593  12.7524  -25.0279  25.878
594  16.5106  -22.7249  25.878
595  19.8623  -19.8622  25.878
596  22.7249  -16.5106  25.878
597  25.028  -12.7523  25.878
598  26.7147  -8.68008  25.878
599  27.7437  -4.39411  25.878

600  27.0717  0  27.0709
601  26.7384  4.23495  27.0709
602  25.7467  8.36561  27.0709
603  24.1211  12.2903  27.0709
604  21.9015  15.9123  27.0709
605  19.1426  19.1426  27.0709
606  15.9123  21.9015  27.0709
607  12.2903  24.1211  27.0709
608  8.36561  25.7467  27.0709
609  4.23494  26.7384  27.0709
610  -4.41054e-06  27.0717  27.0709
611  -4.23495  26.7384  27.0709
612  -8.36562  25.7467  27.0709
613  -12.2903  24.1211  27.0709
614  -15.9124  21.9015  27.0709
615  -19.1426  19.1426  27.0709
616  -21.9015  15.9123  27.0709
617  -24.1211  12.2903  27.0709
618  -25.7467  8.3656  27.0709
619  -26.7384  4.23493  27.0709
620  -27.0717  -2.17299e-05  27.0709
621  -26.7384  -4.23497  27.0709
622  -25.7467  -8.36564  27.0709
623  -24.121  -12.2903  27.0709
624  -21.9014  -15.9124  27.0709
625  -19.1426  -19.1426  27.0709
626  -15.9123  -21.9015  27.0709
627  -12.2903  -24.1211  27.0709
628  -8.36558  -25.7467  27.0709
629  -4.23491  -26.7384  27.0709
630  3.90492e-05  -27.0717  27.0709
631  4.23499  -26.7384  27.0709
632  8.36566  -25.7467  27.0709
633  12.2903  -24.121  27.0709
634  15.9124  -21.9014  27.0709
635  19.1426  -19.1425  27.0709
636  21.9015  -15.9123  27.0709
637  24.1211  -12.2902  27.0709
638  25.7467  -8.36556  27.0709
639  26.7384  -4.23489  27.0709

640  25.8755  0  28.0897
641  25.5569  4.04782  28.0897
642  24.6091  7.99597  28.0897
643  23.0552  11.7472  28.0897
644  20.9337  15.2092  28.0897
645  18.2967  18.2967  28.0897
646  15.2092  20.9337  28.0897
647  11.7472  23.0552  28.0897
648  7.99597  24.6091  28.0897
649  4.04782  25.5569  28.0897
650  -4.21565e-06  25.8755  28.0897
651  -4.04783  25.5569  28.0897
652  -7.99598  24.6091  28.0897
653  -11.7472  23.0552  28.0897
654  -15.2092  20.9337  28.0897
655  -18.2968  18.2967  28.0897
656  -20.9337  15.2092  28.0897
657  -23.0552  11.7472  28.0897
658  -24.6091  7.99595  28.0897
659  -25.5569  4.0478  28.0897
660  -25.8755  -2.07697e-05  28.0897
661  -25.5569  -4.04784  28.0897
662  -24.6091  -7.99599  28.0897
663  -23.0552  -11.7473  28.0897
664  -20.9337  -15.2093  28.0897
665  -18.2967  -18.2968  28.0897
666  -15.2092  -20.9337  28.0897
667  -11.7472  -23.0553  28.0897
668  -7.99594  -24.6091  28.0897
669  -4.04778  -25.5569  28.0897
670  3.73238e-05  -25.8755  28.0897
671  4.04786  -25.5569  28.0897
672  7.99601  -24.6091  28.0897
673  11.7473  -23.0552  28.0897
674  15.2093  -20.9337  28.0897
675  18.2968  -18.2967  28.0897
676  20.9337  -15.2092  28.0897
677  23.0553  -11.7472  28.0897
678  24.6091  -7.99592  28.0897
679  25.5569  -4.04777  28.0897

680  24.5469  0  28.9099
681  24.2447  3.83998  28.9099
682  23.3455  7.58541  28.9099
683  21.8714  11.1441  28.9099
684  19.8589  14.4283  28.9099
685  17.3573  17.3573  28.9099
686  14.4283  19.8589  28.9099
687  11.1441  21.8714  28.9099
688  7.58541  23.3455  28.9099
689  3.83998  24.2447  28.9099
690  -3.9992e-06  24.5469  28.9099
691  -3.83999  24.2447  28.9099
692  -7.58542  23.3455  28.9099
693  -11.1441  21.8714  28.9099
694  -14.4283  19.8589  28.9099
695  -17.3573  17.3573  28.9099
696  -19.8589  14.4283  28.9099
697  -21.8715  11.144  28.9099
698  -23.3455  7.58539  28.9099
699  -24.2447  3.83996  28.9099
700  -24.5469  -1.97033e-05  28.9099
701  -24.2447  -3.84  28.9099
702  -23.3455  -7.58543  28.9099
703  -21.8714  -11.1441  28.9099
704  -19.8588  -14.4283  28.9099
705  -17.3573  -17.3573  28.9099
706  -14.4283  -19.8589  28.9099
707  -11.144  -21.8715  28.9099
708  -7.58538  -23.3455  28.9099
709  -3.83995  -24.2447  28.9099
710  3.54073e-05  -24.5469  28.9099
711  3.84002  -24.2447  28.9099
712  7.58545  -23.3455  28.9099
713  11.1441  -21.8714  28.9099
714  14.4283  -19.8588  28.9099
715  17.3573  -17.3572  28.9099
716  19.8589  -14.4283  28.9099
717  21.8715  -11.144  28.9099
718  23.3455  -7.58536  28.9099
719  24.2447  -3.83993  28.9099

720  23.0728  0  29.5106
721  22.7887  3.60938  29.5106
722  21.9435  7.12989  29.5106
723  20.558  10.4748  29.5106
724  18.6663  13.5619  29.5106
725  16.3149  16.3149  29.5106
726  13.5619  18.6663  29.5106
727  10.4748  20.558  29.5106
728  7.12989  21.9435  29.5106
729  3.60938  22.7887  29.5106
730  -3.75904e-06  23.0728  29.5106
731  -3.60939  22.7887  29.5106
732  -7.12989  21.9435  29.5106
733  -10.4748  20.558  29.5106
734  -13.5619  18.6663  29.5106
735  -16.3149  16.3149  29.5106
736  -18.6663  13.5618  29.5106
737  -20.558  10.4748  29.5106
738  -21.9435  7.12987  29.5106
739  -22.7887  3.60936  29.5106
740  -23.0728  -1.852e-05  29.5106
741  -22.7887  -3.6094  29.5106
742  -21.9435  -7.12991  29.5106
743  -20.558  -10.4749  29.5106
744  -18.6663  -13.5619  29.5106
745  -16.3149  -16.315  29.5106
746  -13.5618  -18.6663  29.5106
747  -10.4748  -20.558  29.5106
748  -7.12986  -21.9435  29.5106
749  -3.60935  -22.7887  29.5106
750  3.3281e-05  -23.0728  29.5106
751  3.60942  -22.7887  29.5106
752  7.12992  -21.9435  29.5106
753  10.4749  -20.558  29.5106
754  13.5619  -18.6663  29.5106
755  16.315  -16.3149  29.5106
756  18.6663  -13.5618  29.5106
757  20.558  -10.4748  29.5106
758  21.9436  -7.12984  29.5106
759  22.7887  -3.60934  29.5106

760  21.5948  0  29.8768
761  21.3289  3.37817  29.8768
762  20.5379  6.67316  29.8768
763  19.2411  9.80383  29.8768
764  17.4706  12.6931  29.8768
765  15.2698  15.2698  29.8768
766  12.6931  17.4706  29.8768
767  9.80383  19.2411  29.8768
768  6.67316  20.5379  29.8768
769  3.37817  21.3289  29.8768
770  -3.51824e-06  21.5948  29.8768
771  -3.37818  21.3289  29.8768
772  -6.67317  20.5379  29.8768
773  -9.80384  19.2411  29.8768
774  -12.6931  17.4706  29.8768
775  -15.2698  15.2698  29.8768
776  -17.4706  12.6931  29.8768
777  -19.2411  9.80382  29.8768
778  -20.5379  6.67315  29.8768
779  -21.3289  3.37816  29.8768
780  -21.5948  -1.73337e-05  29.8768
781  -21.3289  -3.37819  29.8768
782  -20.5379  -6.67318  29.8768
783  -19.2411  -9.80385  29.8768
784  -17.4705  -12.6931  29.8768
785  -15.2698  -15.2698  29.8768
786  -12.6931  -17.4706  29.8768
787  -9.80381  -19.2411  29.8768
788  -6.67313  -20.5379  29.8768
789  -3.37814  -21.3289  29.8768
790  3.11491e-05  -21.5948  29.8768
791  3.3782  -21.3289  29.8768
792  6.67319  -20.5379  29.8768
793  9.80387  -19.2411  29.8768
794  12.6931  -17.4705  29.8768
795  15.2699  -15.2698  29.8768
796  17.4706  -12.6931  29.8768
797  19.2411  -9.8038  29.8768
798  20.5379  -6.67312  29.8768
799  21.3289  -3.37813  29.8768

800  20.7  0  30
801  20.4451  3.23819  30
802  19.6869  6.39665  30
803  18.4438  9.3976  30
804  16.7467  12.1672  30
805  14.6371  14.6371  30
806  12.1672  16.7467  30
807  9.3976  18.4438  30
808  6.39665  19.6869  30
809  3.23819  20.4452  30
810  -3.37246e-06  20.7  30
811  -3.2382  20.4451  30
812  -6.39666  19.6869  30
813  -9.39761  18.4438  30
814  -12.1672  16.7466  30
815  -14.6371  14.6371  30
816  -16.7467  12.1671  30
817  -18.4438  9.39759  30
818  -19.6869  6.39664  30
819  -20.4452  3.23818  30
820  -20.7  -1.66154e-05  30
821  -20.4451  -3.23821  30
822  -19.6869  -6.39667  30
823  -18.4438  -9.39762  30
824  -16.7466  -12.1672  30
825  -14.6371  -14.6371  30
826  -12.1671  -16.7467  30
827  -9.39758  -18.4438  30
828  -6.39663  -19.6869  30
829  -3.23817  -20.4452  30
830  2.98584e-05  -20.7  30
831  3.23822  -20.4451  30
832  6.39668  -19.6869  30
833  9.39763  -18.4438  30
834  12.1672  -16.7466  30
835  14.6371  -14.6371  30
836  16.7467  -12.1671  30
837  18.4439  -9.39757  30
838  19.6869  -6.39661  30
839  20.4452  -3.23815  30
prescribed displacement x: node  disp value
  0  0.0
  1  0.0
 39  0.0
 40  0.0
 41  0.0
 79  0.0
 80  0.0
 81  0.0
119  0.0
120  0.0
121  0.0
159  0.0
160  0.0
161  0.0
199  0.0
200  0.0
201  0.0
239  0.0
240  0.0
241  0.0
279  0.0
280  0.0
281  0.0
319  0.0
320  0.0
321  0.0
359  0.0
360  0.0
361  0.0
399  0.0
400  0.0
401  0.0
439  0.0
440  0.0
441  0.0
479  0.0
480  0.0
481  0.0
519  0.0
520  0.0
521  0.0
559  0.0
560  0.0
561  0.0
599  0.0
600  0.0
601  0.0
639  0.0
640  0.0
641  0.0
679  0.0
680  0.0
681  0.0
719  0.0
720  0.0
721  0.0
759  0.0
760  0.0
761  0.0
799  0.0
800  0.0
801  0.0
839  0.0
 -10
prescribed displacement y: node  disp value
  0  0.0
  1  0.0
 39  0.0
 40  0.0
 41  0.0
 79  0.0
 80  0.0
 81  0.0
119  0.0
120  0.0
121  0.0
159  0.0
160  0.0
161  0.0
199  0.0
200  0.0
201  0.0
239  0.0
240  0.0
241  0.0
279  0.0
280  0.0
281  0.0
319  0.0
320  0.0
321  0.0
359  0.0
360  0.0
361  0.0
399  0.0
400  0.0
401  0.0
439  0.0
440  0.0
441  0.0
479  0.0
480  0.0
481  0.0
519  0.0
520  0.0
521  0.0
559  0.0
560  0.0
561  0.0
599  0.0
600  0.0
601  0.0
639  0.0
640  0.0
641  0.0
679  0.0
680  0.0
681  0.0
719  0.0
720  0.0
721  0.0
759  0.0
760  0.0
761  0.0
799  0.0
800  0.0
801  0.0
839  0.0
 -10
prescribed displacement z: node  disp value
  0  0.0
  1  0.0
 39  0.0
 40  0.0
 41  0.0
 79  0.0
 80  0.0
 81  0.0
119  0.0
120  0.0
121  0.0
159  0.0
160  0.0
161  0.0
199  0.0
200  0.0
201  0.0
239  0.0
240  0.0
241  0.0
279  0.0
280  0.0
281  0.0
319  0.0
320  0.0
321  0.0
359  0.0
360  0.0
361  0.0
399  0.0
400  0.0
401  0.0
439  0.0
440  0.0
441  0.0
479  0.0
480  0.0
481  0.0
519  0.0
520  0.0
521  0.0
559  0.0
560  0.0
561  0.0
599  0.0
600  0.0
601  0.0
639  0.0
640  0.0
641  0.0
679  0.0
680  0.0
681  0.0
719  0.0
720  0.0
721  0.0
759  0.0
760  0.0
761  0.0
799  0.0
800  0.0
801  0.0
839  0.0
 -10
 prescribed angle phi x: node angle value
  0  0.0
  1  0.0
 39  0.0
 40  0.0
 41  0.0
 79  0.0
 80  0.0
 81  0.0
119  0.0
120  0.0
121  0.0
159  0.0
160  0.0
161  0.0
199  0.0
200  0.0
201  0.0
239  0.0
240  0.0
241  0.0
279  0.0
280  0.0
281  0.0
319  0.0
320  0.0
321  0.0
359  0.0
360  0.0
361  0.0
399  0.0
400  0.0
401  0.0
439  0.0
440  0.0
441  0.0
479  0.0
480  0.0
481  0.0
519  0.0
520  0.0
521  0.0
559  0.0
560  0.0
561  0.0
599  0.0
600  0.0
601  0.0
639  0.0
640  0.0
641  0.0
679  0.0
680  0.0
681  0.0
719  0.0
720  0.0
721  0.0
759  0.0
760  0.0
761  0.0
799  0.0
800  0.0
801  0.0
839  0.0
 -10
 prescribed angle phi y: node angle value
  0  0.0
  1  0.0
 39  0.0
 40  0.0
 41  0.0
 79  0.0
 80  0.0
 81  0.0
119  0.0
120  0.0
121  0.0
159  0.0
160  0.0
161  0.0
199  0.0
200  0.0
201  0.0
239  0.0
240  0.0
241  0.0
279  0.0
280  0.0
281  0.0
319  0.0
320  0.0
321  0.0
359  0.0
360  0.0
361  0.0
399  0.0
400  0.0
401  0.0
439  0.0
440  0.0
441  0.0
479  0.0
480  0.0
481  0.0
519  0.0
520  0.0
521  0.0
559  0.0
560  0.0
561  0.0
599  0.0
600  0.0
601  0.0
639  0.0
640  0.0
641  0.0
679  0.0
680  0.0
681  0.0
719  0.0
720  0.0
721  0.0
759  0.0
760  0.0
761  0.0
799  0.0
800  0.0
801  0.0
839  0.0
 -10
node with point load x, y, z and 2 moments phi x, phi y
259   7.7e2   0.0    0.0   0.0    0.0
260   7.7e2   0.0    0.0   0.0    0.0
261   7.7e2   0.0    0.0   0.0    0.0
299   7.7e2   0.0    0.0   0.0    0.0
300   7.7e2   0.0    0.0   0.0    0.0
301   7.7e2   0.0    0.0   0.0    0.0
339   7.7e2   0.0    0.0   0.0    0.0
340   7.7e2   0.0    0.0   0.0    0.0
341   7.7e2   0.0    0.0   0.0    0.0
379   7.7e2   0.0    0.0   0.0    0.0
380   7.7e2   0.0    0.0   0.0    0.0
381   7.7e2   0.0    0.0   0.0    0.0
419   7.7e2   0.0    0.0   0.0    0.0
420   7.7e2   0.0    0.0   0.0    0.0
421   7.7e2   0.0    0.0   0.0    0.0
459   7.7e2   0.0    0.0   0.0    0.0
460   7.7e2   0.0    0.0   0.0    0.0
461   7.7e2   0.0    0.0   0.0    0.0
499   7.7e2   0.0    0.0   0.0    0.0
500   7.7e2   0.0    0.0   0.0    0.0
501   7.7e2   0.0    0.0   0.0    0.0
539   7.7e2   0.0    0.0   0.0    0.0
540   7.7e2   0.0    0.0   0.0    0.0
541   7.7e2   0.0    0.0   0.0    0.0
579   7.7e2   0.0    0.0   0.0    0.0
580   7.7e2   0.0    0.0   0.0    0.0
581   7.7e2   0.0    0.0   0.0    0.0
 -10
node no. with stress and stress vector in lamina xx,yy,xy,zx,yz
 -10

