   numel numnp nmat nmode  (This is for a brick ball)
80 200 1 0
matl no., E modulus, Poisson Ratio, density
0   100000000.0000           0.2700        2770.0000
el no.,connectivity, matl no.
   0     0   20   21    1   40   60   61   41    0
   1     1   21   22    2   41   61   62   42    0
   2     2   22   23    3   42   62   63   43    0
   3     3   23   24    4   43   63   64   44    0
   4     4   24   25    5   44   64   65   45    0
   5     5   25   26    6   45   65   66   46    0
   6     6   26   27    7   46   66   67   47    0
   7     7   27   28    8   47   67   68   48    0
   8     8   28   29    9   48   68   69   49    0
   9     9   29   30   10   49   69   70   50    0
  10    10   30   31   11   50   70   71   51    0
  11    11   31   32   12   51   71   72   52    0
  12    12   32   33   13   52   72   73   53    0
  13    13   33   34   14   53   73   74   54    0
  14    14   34   35   15   54   74   75   55    0
  15    15   35   36   16   55   75   76   56    0
  16    16   36   37   17   56   76   77   57    0
  17    17   37   38   18   57   77   78   58    0
  18    18   38   39   19   58   78   79   59    0
  19    19   39   20    0   59   79   60   40    0
  20    40   60   61   41   80  100  101   81    0
  21    41   61   62   42   81  101  102   82    0
  22    42   62   63   43   82  102  103   83    0
  23    43   63   64   44   83  103  104   84    0
  24    44   64   65   45   84  104  105   85    0
  25    45   65   66   46   85  105  106   86    0
  26    46   66   67   47   86  106  107   87    0
  27    47   67   68   48   87  107  108   88    0
  28    48   68   69   49   88  108  109   89    0
  29    49   69   70   50   89  109  110   90    0
  30    50   70   71   51   90  110  111   91    0
  31    51   71   72   52   91  111  112   92    0
  32    52   72   73   53   92  112  113   93    0
  33    53   73   74   54   93  113  114   94    0
  34    54   74   75   55   94  114  115   95    0
  35    55   75   76   56   95  115  116   96    0
  36    56   76   77   57   96  116  117   97    0
  37    57   77   78   58   97  117  118   98    0
  38    58   78   79   59   98  118  119   99    0
  39    59   79   60   40   99  119  100   80    0
  40    80  100  101   81  120  140  141  121    0
  41    81  101  102   82  121  141  142  122    0
  42    82  102  103   83  122  142  143  123    0
  43    83  103  104   84  123  143  144  124    0
  44    84  104  105   85  124  144  145  125    0
  45    85  105  106   86  125  145  146  126    0
  46    86  106  107   87  126  146  147  127    0
  47    87  107  108   88  127  147  148  128    0
  48    88  108  109   89  128  148  149  129    0
  49    89  109  110   90  129  149  150  130    0
  50    90  110  111   91  130  150  151  131    0
  51    91  111  112   92  131  151  152  132    0
  52    92  112  113   93  132  152  153  133    0
  53    93  113  114   94  133  153  154  134    0
  54    94  114  115   95  134  154  155  135    0
  55    95  115  116   96  135  155  156  136    0
  56    96  116  117   97  136  156  157  137    0
  57    97  117  118   98  137  157  158  138    0
  58    98  118  119   99  138  158  159  139    0
  59    99  119  100   80  139  159  140  120    0
  60   120  140  141  121  160  180  181  161    0
  61   121  141  142  122  161  181  182  162    0
  62   122  142  143  123  162  182  183  163    0
  63   123  143  144  124  163  183  184  164    0
  64   124  144  145  125  164  184  185  165    0
  65   125  145  146  126  165  185  186  166    0
  66   126  146  147  127  166  186  187  167    0
  67   127  147  148  128  167  187  188  168    0
  68   128  148  149  129  168  188  189  169    0
  69   129  149  150  130  169  189  190  170    0
  70   130  150  151  131  170  190  191  171    0
  71   131  151  152  132  171  191  192  172    0
  72   132  152  153  133  172  192  193  173    0
  73   133  153  154  134  173  193  194  174    0
  74   134  154  155  135  174  194  195  175    0
  75   135  155  156  136  175  195  196  176    0
  76   136  156  157  137  176  196  197  177    0
  77   137  157  158  138  177  197  198  178    0
  78   138  158  159  139  178  198  199  179    0
  79   139  159  140  120  179  199  180  160    0
node no. coordinates
   0   -0.00000  -2.59807  -1.50001 
   1   -0.46353  -2.59807  -1.42659 
   2   -0.88168  -2.59807  -1.21353 
   3   -1.21353  -2.59807  -0.88168 
   4   -1.42659  -2.59807  -0.46353 
   5   -1.50001  -2.59807  -0.00000 
   6   -1.42659  -2.59807   0.46352 
   7   -1.21353  -2.59807   0.88168 
   8   -0.88168  -2.59807   1.21353 
   9   -0.46353  -2.59807   1.42659 
  10   -0.00000  -2.59807   1.50001 
  11    0.46352  -2.59807   1.42659 
  12    0.88168  -2.59807   1.21353 
  13    1.21353  -2.59807   0.88169 
  14    1.42659  -2.59807   0.46353 
  15    1.50001  -2.59807   0.00001 
  16    1.42659  -2.59807  -0.46352 
  17    1.21353  -2.59807  -0.88168 
  18    0.88169  -2.59807  -1.21353 
  19    0.46353  -2.59807  -1.42659 
  20   -0.00000  -4.33012  -2.50001 
  21   -0.77254  -4.33012  -2.37765 
  22   -1.46947  -4.33012  -2.02255 
  23   -2.02255  -4.33012  -1.46947 
  24   -2.37765  -4.33012  -0.77255 
  25   -2.50001  -4.33012  -0.00000 
  26   -2.37765  -4.33012   0.77254 
  27   -2.02255  -4.33012   1.46947 
  28   -1.46947  -4.33012   2.02255 
  29   -0.77255  -4.33012   2.37765 
  30   -0.00001  -4.33012   2.50001 
  31    0.77254  -4.33012   2.37765 
  32    1.46946  -4.33012   2.02255 
  33    2.02255  -4.33012   1.46948 
  34    2.37765  -4.33012   0.77255 
  35    2.50001  -4.33012   0.00001 
  36    2.37765  -4.33012  -0.77254 
  37    2.02256  -4.33012  -1.46946 
  38    1.46948  -4.33012  -2.02254 
  39    0.77256  -4.33012  -2.37765 
  40   -0.00000  -1.50000  -2.59808 
  41   -0.80285  -1.50000  -2.47092 
  42   -1.52711  -1.50000  -2.10189 
  43   -2.10189  -1.50000  -1.52711 
  44   -2.47092  -1.50000  -0.80285 
  45   -2.59808  -1.50000  -0.00000 
  46   -2.47092  -1.50000   0.80285 
  47   -2.10189  -1.50000   1.52711 
  48   -1.52712  -1.50000   2.10189 
  49   -0.80286  -1.50000   2.47092 
  50   -0.00001  -1.50000   2.59808 
  51    0.80284  -1.50000   2.47092 
  52    1.52711  -1.50000   2.10189 
  53    2.10188  -1.50000   1.52712 
  54    2.47092  -1.50000   0.80286 
  55    2.59808  -1.50000   0.00001 
  56    2.47092  -1.50000  -0.80284 
  57    2.10190  -1.50000  -1.52710 
  58    1.52712  -1.50000  -2.10188 
  59    0.80286  -1.50000  -2.47092 
  60   -0.00000  -2.49999  -4.33013 
  61   -1.33808  -2.49999  -4.11820 
  62   -2.54519  -2.49999  -3.50315 
  63   -3.50315  -2.49999  -2.54519 
  64   -4.11820  -2.49999  -1.33809 
  65   -4.33013  -2.49999  -0.00001 
  66   -4.11820  -2.49999   1.33808 
  67   -3.50315  -2.49999   2.54518 
  68   -2.54519  -2.49999   3.50314 
  69   -1.33809  -2.49999   4.11820 
  70   -0.00001  -2.49999   4.33013 
  71    1.33807  -2.49999   4.11820 
  72    2.54518  -2.49999   3.50316 
  73    3.50314  -2.49999   2.54520 
  74    4.11819  -2.49999   1.33810 
  75    4.33013  -2.49999   0.00002 
  76    4.11821  -2.49999  -1.33807 
  77    3.50316  -2.49999  -2.54517 
  78    2.54520  -2.49999  -3.50314 
  79    1.33810  -2.49999  -4.11819 
  80   -0.00000   0.00000  -3.00000 
  81   -0.92705   0.00000  -2.85317 
  82   -1.76335   0.00000  -2.42705 
  83   -2.42705   0.00000  -1.76336 
  84   -2.85317   0.00000  -0.92705 
  85   -3.00000   0.00000  -0.00000 
  86   -2.85317   0.00000   0.92705 
  87   -2.42705   0.00000   1.76335 
  88   -1.76336   0.00000   2.42705 
  89   -0.92706   0.00000   2.85317 
  90   -0.00001   0.00000   3.00000 
  91    0.92704   0.00000   2.85317 
  92    1.76335   0.00000   2.42706 
  93    2.42704   0.00000   1.76336 
  94    2.85317   0.00000   0.92706 
  95    3.00000   0.00000   0.00001 
  96    2.85317   0.00000  -0.92704 
  97    2.42706   0.00000  -1.76334 
  98    1.76337   0.00000  -2.42704 
  99    0.92707   0.00000  -2.85316 
 100   -0.00000   0.00001  -5.00000 
 101   -1.54508   0.00001  -4.75528 
 102   -2.93892   0.00001  -4.04509 
 103   -4.04508   0.00001  -2.93893 
 104   -4.75528   0.00001  -1.54509 
 105   -5.00000   0.00001  -0.00001 
 106   -4.75529   0.00001   1.54508 
 107   -4.04509   0.00001   2.93892 
 108   -2.93893   0.00001   4.04508 
 109   -1.54510   0.00001   4.75528 
 110   -0.00001   0.00001   5.00000 
 111    1.54507   0.00001   4.75529 
 112    2.93891   0.00001   4.04509 
 113    4.04507   0.00001   2.93894 
 114    4.75528   0.00001   1.54510 
 115    5.00000   0.00001   0.00002 
 116    4.75529   0.00001  -1.54506 
 117    4.04510   0.00001  -2.93891 
 118    2.93895   0.00001  -4.04507 
 119    1.54511   0.00001  -4.75527 
 120   -0.00000   1.50000  -2.59807 
 121   -0.80285   1.50000  -2.47092 
 122   -1.52711   1.50000  -2.10189 
 123   -2.10189   1.50000  -1.52711 
 124   -2.47092   1.50000  -0.80285 
 125   -2.59807   1.50000  -0.00000 
 126   -2.47092   1.50000   0.80285 
 127   -2.10189   1.50000   1.52711 
 128   -1.52711   1.50000   2.10188 
 129   -0.80286   1.50000   2.47091 
 130   -0.00001   1.50000   2.59807 
 131    0.80284   1.50000   2.47092 
 132    1.52710   1.50000   2.10189 
 133    2.10188   1.50000   1.52712 
 134    2.47091   1.50000   0.80286 
 135    2.59807   1.50000   0.00001 
 136    2.47092   1.50000  -0.80284 
 137    2.10189   1.50000  -1.52710 
 138    1.52712   1.50000  -2.10188 
 139    0.80286   1.50000  -2.47091 
 140   -0.00000   2.50000  -4.33012 
 141   -1.33808   2.50000  -4.11819 
 142   -2.54518   2.50000  -3.50315 
 143   -3.50314   2.50000  -2.54519 
 144   -4.11819   2.50000  -1.33809 
 145   -4.33012   2.50000  -0.00001 
 146   -4.11820   2.50000   1.33808 
 147   -3.50315   2.50000   2.54518 
 148   -2.54519   2.50000   3.50314 
 149   -1.33809   2.50000   4.11819 
 150   -0.00001   2.50000   4.33012 
 151    1.33807   2.50000   4.11820 
 152    2.54517   2.50000   3.50315 
 153    3.50314   2.50000   2.54520 
 154    4.11819   2.50000   1.33810 
 155    4.33012   2.50000   0.00002 
 156    4.11820   2.50000  -1.33806 
 157    3.50316   2.50000  -2.54517 
 158    2.54520   2.50000  -3.50313 
 159    1.33810   2.50000  -4.11819 
 160   -0.00000   2.59808  -1.50000 
 161   -0.46352   2.59808  -1.42658 
 162   -0.88168   2.59808  -1.21353 
 163   -1.21352   2.59808  -0.88168 
 164   -1.42658   2.59808  -0.46353 
 165   -1.50000   2.59808  -0.00000 
 166   -1.42658   2.59808   0.46352 
 167   -1.21353   2.59808   0.88167 
 168   -0.88168   2.59808   1.21352 
 169   -0.46353   2.59808   1.42658 
 170   -0.00000   2.59808   1.50000 
 171    0.46352   2.59808   1.42659 
 172    0.88167   2.59808   1.21353 
 173    1.21352   2.59808   0.88168 
 174    1.42658   2.59808   0.46353 
 175    1.50000   2.59808   0.00001 
 176    1.42659   2.59808  -0.46352 
 177    1.21353   2.59808  -0.88167 
 178    0.88168   2.59808  -1.21352 
 179    0.46353   2.59808  -1.42658 
 180   -0.00000   4.33013  -2.50000 
 181   -0.77254   4.33013  -2.37764 
 182   -1.46946   4.33013  -2.02254 
 183   -2.02254   4.33013  -1.46946 
 184   -2.37764   4.33013  -0.77254 
 185   -2.50000   4.33013  -0.00000 
 186   -2.37764   4.33013   0.77254 
 187   -2.02254   4.33013   1.46946 
 188   -1.46947   4.33013   2.02254 
 189   -0.77255   4.33013   2.37764 
 190   -0.00001   4.33013   2.50000 
 191    0.77253   4.33013   2.37764 
 192    1.46946   4.33013   2.02255 
 193    2.02254   4.33013   1.46947 
 194    2.37764   4.33013   0.77255 
 195    2.50000   4.33013   0.00001 
 196    2.37764   4.33013  -0.77253 
 197    2.02255   4.33013  -1.46945 
 198    1.46947   4.33013  -2.02253 
 199    0.77255   4.33013  -2.37764 
prescribed displacement x: node  disp value
 -10
 prescribed displacement y: node  disp value
 -10
 prescribed displacement z: node  disp value
 -10
 node with point load and load vector in x,y,z
 -10
 node no. with stress and stress vector xx,yy,xy,zx,yz
 -10 