   numel numnp nmat nmode  (This is for a beam bridge)
     1794  385    1    0 
 matl no., E mod, density, Area
  0  30000000.0000 12300.0000    2.0000
el no., connectivity, matl no.
   0    0   35    0
   1    1   36    0
   2    2   37    0
   3    3   38    0
   4    4   39    0
   5    5   40    0
   6    6   41    0
   7   35   36    0
   8   36   37    0
   9   37   38    0
  10   38   39    0
  11   39   40    0
  12   40   41    0
  13    7   42    0
  14    8   43    0
  15    9   44    0
  16   10   45    0
  17   11   46    0
  18   12   47    0
  19   13   48    0
  20   42   43    0
  21   43   44    0
  22   44   45    0
  23   45   46    0
  24   46   47    0
  25   47   48    0
  26   14   49    0
  27   15   50    0
  28   16   51    0
  29   17   52    0
  30   18   53    0
  31   19   54    0
  32   20   55    0
  33   49   50    0
  34   50   51    0
  35   51   52    0
  36   52   53    0
  37   53   54    0
  38   54   55    0
  39   21   56    0
  40   22   57    0
  41   23   58    0
  42   24   59    0
  43   25   60    0
  44   26   61    0
  45   27   62    0
  46   56   57    0
  47   57   58    0
  48   58   59    0
  49   59   60    0
  50   60   61    0
  51   61   62    0
  52   28   63    0
  53   29   64    0
  54   30   65    0
  55   31   66    0
  56   32   67    0
  57   33   68    0
  58   34   69    0
  59   63   64    0
  60   64   65    0
  61   65   66    0
  62   66   67    0
  63   67   68    0
  64   68   69    0
  65   35   42    0
  66   36   43    0
  67   37   44    0
  68   38   45    0
  69   39   46    0
  70   40   47    0
  71   41   48    0
  72   42   49    0
  73   43   50    0
  74   44   51    0
  75   45   52    0
  76   46   53    0
  77   47   54    0
  78   48   55    0
  79   49   56    0
  80   50   57    0
  81   51   58    0
  82   52   59    0
  83   53   60    0
  84   54   61    0
  85   55   62    0
  86   56   63    0
  87   57   64    0
  88   58   65    0
  89   59   66    0
  90   60   67    0
  91   61   68    0
  92   62   69    0
  93   35   70    0
  94   36   71    0
  95   37   72    0
  96   38   73    0
  97   39   74    0
  98   40   75    0
  99   41   76    0
 100   70   71    0
 101   71   72    0
 102   72   73    0
 103   73   74    0
 104   74   75    0
 105   75   76    0
 106   42   77    0
 107   43   78    0
 108   44   79    0
 109   45   80    0
 110   46   81    0
 111   47   82    0
 112   48   83    0
 113   77   78    0
 114   78   79    0
 115   79   80    0
 116   80   81    0
 117   81   82    0
 118   82   83    0
 119   49   84    0
 120   50   85    0
 121   51   86    0
 122   52   87    0
 123   53   88    0
 124   54   89    0
 125   55   90    0
 126   84   85    0
 127   85   86    0
 128   86   87    0
 129   87   88    0
 130   88   89    0
 131   89   90    0
 132   56   91    0
 133   57   92    0
 134   58   93    0
 135   59   94    0
 136   60   95    0
 137   61   96    0
 138   62   97    0
 139   91   92    0
 140   92   93    0
 141   93   94    0
 142   94   95    0
 143   95   96    0
 144   96   97    0
 145   63   98    0
 146   64   99    0
 147   65  100    0
 148   66  101    0
 149   67  102    0
 150   68  103    0
 151   69  104    0
 152   98   99    0
 153   99  100    0
 154  100  101    0
 155  101  102    0
 156  102  103    0
 157  103  104    0
 158   70   77    0
 159   71   78    0
 160   72   79    0
 161   73   80    0
 162   74   81    0
 163   75   82    0
 164   76   83    0
 165   77   84    0
 166   78   85    0
 167   79   86    0
 168   80   87    0
 169   81   88    0
 170   82   89    0
 171   83   90    0
 172   84   91    0
 173   85   92    0
 174   86   93    0
 175   87   94    0
 176   88   95    0
 177   89   96    0
 178   90   97    0
 179   91   98    0
 180   92   99    0
 181   93  100    0
 182   94  101    0
 183   95  102    0
 184   96  103    0
 185   97  104    0
 186   70  105    0
 187   71  106    0
 188   72  107    0
 189   73  108    0
 190   74  109    0
 191   75  110    0
 192   76  111    0
 193  105  106    0
 194  106  107    0
 195  107  108    0
 196  108  109    0
 197  109  110    0
 198  110  111    0
 199   77  112    0
 200   78  113    0
 201   79  114    0
 202   80  115    0
 203   81  116    0
 204   82  117    0
 205   83  118    0
 206  112  113    0
 207  113  114    0
 208  114  115    0
 209  115  116    0
 210  116  117    0
 211  117  118    0
 212   84  119    0
 213   85  120    0
 214   86  121    0
 215   87  122    0
 216   88  123    0
 217   89  124    0
 218   90  125    0
 219  119  120    0
 220  120  121    0
 221  121  122    0
 222  122  123    0
 223  123  124    0
 224  124  125    0
 225   91  126    0
 226   92  127    0
 227   93  128    0
 228   94  129    0
 229   95  130    0
 230   96  131    0
 231   97  132    0
 232  126  127    0
 233  127  128    0
 234  128  129    0
 235  129  130    0
 236  130  131    0
 237  131  132    0
 238   98  133    0
 239   99  134    0
 240  100  135    0
 241  101  136    0
 242  102  137    0
 243  103  138    0
 244  104  139    0
 245  133  134    0
 246  134  135    0
 247  135  136    0
 248  136  137    0
 249  137  138    0
 250  138  139    0
 251  105  112    0
 252  106  113    0
 253  107  114    0
 254  108  115    0
 255  109  116    0
 256  110  117    0
 257  111  118    0
 258  112  119    0
 259  113  120    0
 260  114  121    0
 261  115  122    0
 262  116  123    0
 263  117  124    0
 264  118  125    0
 265  119  126    0
 266  120  127    0
 267  121  128    0
 268  122  129    0
 269  123  130    0
 270  124  131    0
 271  125  132    0
 272  126  133    0
 273  127  134    0
 274  128  135    0
 275  129  136    0
 276  130  137    0
 277  131  138    0
 278  132  139    0
 279  105  140    0
 280  106  141    0
 281  107  142    0
 282  108  143    0
 283  109  144    0
 284  110  145    0
 285  111  146    0
 286  140  141    0
 287  141  142    0
 288  142  143    0
 289  143  144    0
 290  144  145    0
 291  145  146    0
 292  112  147    0
 293  113  148    0
 294  114  149    0
 295  115  150    0
 296  116  151    0
 297  117  152    0
 298  118  153    0
 299  147  148    0
 300  148  149    0
 301  149  150    0
 302  150  151    0
 303  151  152    0
 304  152  153    0
 305  119  154    0
 306  120  155    0
 307  121  156    0
 308  122  157    0
 309  123  158    0
 310  124  159    0
 311  125  160    0
 312  154  155    0
 313  155  156    0
 314  156  157    0
 315  157  158    0
 316  158  159    0
 317  159  160    0
 318  126  161    0
 319  127  162    0
 320  128  163    0
 321  129  164    0
 322  130  165    0
 323  131  166    0
 324  132  167    0
 325  161  162    0
 326  162  163    0
 327  163  164    0
 328  164  165    0
 329  165  166    0
 330  166  167    0
 331  133  168    0
 332  134  169    0
 333  135  170    0
 334  136  171    0
 335  137  172    0
 336  138  173    0
 337  139  174    0
 338  168  169    0
 339  169  170    0
 340  170  171    0
 341  171  172    0
 342  172  173    0
 343  173  174    0
 344  140  147    0
 345  141  148    0
 346  142  149    0
 347  143  150    0
 348  144  151    0
 349  145  152    0
 350  146  153    0
 351  147  154    0
 352  148  155    0
 353  149  156    0
 354  150  157    0
 355  151  158    0
 356  152  159    0
 357  153  160    0
 358  154  161    0
 359  155  162    0
 360  156  163    0
 361  157  164    0
 362  158  165    0
 363  159  166    0
 364  160  167    0
 365  161  168    0
 366  162  169    0
 367  163  170    0
 368  164  171    0
 369  165  172    0
 370  166  173    0
 371  167  174    0
 372  140  175    0
 373  141  176    0
 374  142  177    0
 375  143  178    0
 376  144  179    0
 377  145  180    0
 378  146  181    0
 379  175  176    0
 380  176  177    0
 381  177  178    0
 382  178  179    0
 383  179  180    0
 384  180  181    0
 385  147  182    0
 386  148  183    0
 387  149  184    0
 388  150  185    0
 389  151  186    0
 390  152  187    0
 391  153  188    0
 392  182  183    0
 393  183  184    0
 394  184  185    0
 395  185  186    0
 396  186  187    0
 397  187  188    0
 398  154  189    0
 399  155  190    0
 400  156  191    0
 401  157  192    0
 402  158  193    0
 403  159  194    0
 404  160  195    0
 405  189  190    0
 406  190  191    0
 407  191  192    0
 408  192  193    0
 409  193  194    0
 410  194  195    0
 411  161  196    0
 412  162  197    0
 413  163  198    0
 414  164  199    0
 415  165  200    0
 416  166  201    0
 417  167  202    0
 418  196  197    0
 419  197  198    0
 420  198  199    0
 421  199  200    0
 422  200  201    0
 423  201  202    0
 424  168  203    0
 425  169  204    0
 426  170  205    0
 427  171  206    0
 428  172  207    0
 429  173  208    0
 430  174  209    0
 431  203  204    0
 432  204  205    0
 433  205  206    0
 434  206  207    0
 435  207  208    0
 436  208  209    0
 437  175  182    0
 438  176  183    0
 439  177  184    0
 440  178  185    0
 441  179  186    0
 442  180  187    0
 443  181  188    0
 444  182  189    0
 445  183  190    0
 446  184  191    0
 447  185  192    0
 448  186  193    0
 449  187  194    0
 450  188  195    0
 451  189  196    0
 452  190  197    0
 453  191  198    0
 454  192  199    0
 455  193  200    0
 456  194  201    0
 457  195  202    0
 458  196  203    0
 459  197  204    0
 460  198  205    0
 461  199  206    0
 462  200  207    0
 463  201  208    0
 464  202  209    0
 465  175  210    0
 466  176  211    0
 467  177  212    0
 468  178  213    0
 469  179  214    0
 470  180  215    0
 471  181  216    0
 472  210  211    0
 473  211  212    0
 474  212  213    0
 475  213  214    0
 476  214  215    0
 477  215  216    0
 478  182  217    0
 479  183  218    0
 480  184  219    0
 481  185  220    0
 482  186  221    0
 483  187  222    0
 484  188  223    0
 485  217  218    0
 486  218  219    0
 487  219  220    0
 488  220  221    0
 489  221  222    0
 490  222  223    0
 491  189  224    0
 492  190  225    0
 493  191  226    0
 494  192  227    0
 495  193  228    0
 496  194  229    0
 497  195  230    0
 498  224  225    0
 499  225  226    0
 500  226  227    0
 501  227  228    0
 502  228  229    0
 503  229  230    0
 504  196  231    0
 505  197  232    0
 506  198  233    0
 507  199  234    0
 508  200  235    0
 509  201  236    0
 510  202  237    0
 511  231  232    0
 512  232  233    0
 513  233  234    0
 514  234  235    0
 515  235  236    0
 516  236  237    0
 517  203  238    0
 518  204  239    0
 519  205  240    0
 520  206  241    0
 521  207  242    0
 522  208  243    0
 523  209  244    0
 524  238  239    0
 525  239  240    0
 526  240  241    0
 527  241  242    0
 528  242  243    0
 529  243  244    0
 530  210  217    0
 531  211  218    0
 532  212  219    0
 533  213  220    0
 534  214  221    0
 535  215  222    0
 536  216  223    0
 537  217  224    0
 538  218  225    0
 539  219  226    0
 540  220  227    0
 541  221  228    0
 542  222  229    0
 543  223  230    0
 544  224  231    0
 545  225  232    0
 546  226  233    0
 547  227  234    0
 548  228  235    0
 549  229  236    0
 550  230  237    0
 551  231  238    0
 552  232  239    0
 553  233  240    0
 554  234  241    0
 555  235  242    0
 556  236  243    0
 557  237  244    0
 558  210  245    0
 559  211  246    0
 560  212  247    0
 561  213  248    0
 562  214  249    0
 563  215  250    0
 564  216  251    0
 565  245  246    0
 566  246  247    0
 567  247  248    0
 568  248  249    0
 569  249  250    0
 570  250  251    0
 571  217  252    0
 572  218  253    0
 573  219  254    0
 574  220  255    0
 575  221  256    0
 576  222  257    0
 577  223  258    0
 578  252  253    0
 579  253  254    0
 580  254  255    0
 581  255  256    0
 582  256  257    0
 583  257  258    0
 584  224  259    0
 585  225  260    0
 586  226  261    0
 587  227  262    0
 588  228  263    0
 589  229  264    0
 590  230  265    0
 591  259  260    0
 592  260  261    0
 593  261  262    0
 594  262  263    0
 595  263  264    0
 596  264  265    0
 597  231  266    0
 598  232  267    0
 599  233  268    0
 600  234  269    0
 601  235  270    0
 602  236  271    0
 603  237  272    0
 604  266  267    0
 605  267  268    0
 606  268  269    0
 607  269  270    0
 608  270  271    0
 609  271  272    0
 610  238  273    0
 611  239  274    0
 612  240  275    0
 613  241  276    0
 614  242  277    0
 615  243  278    0
 616  244  279    0
 617  273  274    0
 618  274  275    0
 619  275  276    0
 620  276  277    0
 621  277  278    0
 622  278  279    0
 623  245  252    0
 624  246  253    0
 625  247  254    0
 626  248  255    0
 627  249  256    0
 628  250  257    0
 629  251  258    0
 630  252  259    0
 631  253  260    0
 632  254  261    0
 633  255  262    0
 634  256  263    0
 635  257  264    0
 636  258  265    0
 637  259  266    0
 638  260  267    0
 639  261  268    0
 640  262  269    0
 641  263  270    0
 642  264  271    0
 643  265  272    0
 644  266  273    0
 645  267  274    0
 646  268  275    0
 647  269  276    0
 648  270  277    0
 649  271  278    0
 650  272  279    0
 651  245  280    0
 652  246  281    0
 653  247  282    0
 654  248  283    0
 655  249  284    0
 656  250  285    0
 657  251  286    0
 658  280  281    0
 659  281  282    0
 660  282  283    0
 661  283  284    0
 662  284  285    0
 663  285  286    0
 664  252  287    0
 665  253  288    0
 666  254  289    0
 667  255  290    0
 668  256  291    0
 669  257  292    0
 670  258  293    0
 671  287  288    0
 672  288  289    0
 673  289  290    0
 674  290  291    0
 675  291  292    0
 676  292  293    0
 677  259  294    0
 678  260  295    0
 679  261  296    0
 680  262  297    0
 681  263  298    0
 682  264  299    0
 683  265  300    0
 684  294  295    0
 685  295  296    0
 686  296  297    0
 687  297  298    0
 688  298  299    0
 689  299  300    0
 690  266  301    0
 691  267  302    0
 692  268  303    0
 693  269  304    0
 694  270  305    0
 695  271  306    0
 696  272  307    0
 697  301  302    0
 698  302  303    0
 699  303  304    0
 700  304  305    0
 701  305  306    0
 702  306  307    0
 703  273  308    0
 704  274  309    0
 705  275  310    0
 706  276  311    0
 707  277  312    0
 708  278  313    0
 709  279  314    0
 710  308  309    0
 711  309  310    0
 712  310  311    0
 713  311  312    0
 714  312  313    0
 715  313  314    0
 716  280  287    0
 717  281  288    0
 718  282  289    0
 719  283  290    0
 720  284  291    0
 721  285  292    0
 722  286  293    0
 723  287  294    0
 724  288  295    0
 725  289  296    0
 726  290  297    0
 727  291  298    0
 728  292  299    0
 729  293  300    0
 730  294  301    0
 731  295  302    0
 732  296  303    0
 733  297  304    0
 734  298  305    0
 735  299  306    0
 736  300  307    0
 737  301  308    0
 738  302  309    0
 739  303  310    0
 740  304  311    0
 741  305  312    0
 742  306  313    0
 743  307  314    0
 744  280  315    0
 745  281  316    0
 746  282  317    0
 747  283  318    0
 748  284  319    0
 749  285  320    0
 750  286  321    0
 751  315  316    0
 752  316  317    0
 753  317  318    0
 754  318  319    0
 755  319  320    0
 756  320  321    0
 757  287  322    0
 758  288  323    0
 759  289  324    0
 760  290  325    0
 761  291  326    0
 762  292  327    0
 763  293  328    0
 764  322  323    0
 765  323  324    0
 766  324  325    0
 767  325  326    0
 768  326  327    0
 769  327  328    0
 770  294  329    0
 771  295  330    0
 772  296  331    0
 773  297  332    0
 774  298  333    0
 775  299  334    0
 776  300  335    0
 777  329  330    0
 778  330  331    0
 779  331  332    0
 780  332  333    0
 781  333  334    0
 782  334  335    0
 783  301  336    0
 784  302  337    0
 785  303  338    0
 786  304  339    0
 787  305  340    0
 788  306  341    0
 789  307  342    0
 790  336  337    0
 791  337  338    0
 792  338  339    0
 793  339  340    0
 794  340  341    0
 795  341  342    0
 796  308  343    0
 797  309  344    0
 798  310  345    0
 799  311  346    0
 800  312  347    0
 801  313  348    0
 802  314  349    0
 803  343  344    0
 804  344  345    0
 805  345  346    0
 806  346  347    0
 807  347  348    0
 808  348  349    0
 809  315  322    0
 810  316  323    0
 811  317  324    0
 812  318  325    0
 813  319  326    0
 814  320  327    0
 815  321  328    0
 816  322  329    0
 817  323  330    0
 818  324  331    0
 819  325  332    0
 820  326  333    0
 821  327  334    0
 822  328  335    0
 823  329  336    0
 824  330  337    0
 825  331  338    0
 826  332  339    0
 827  333  340    0
 828  334  341    0
 829  335  342    0
 830  336  343    0
 831  337  344    0
 832  338  345    0
 833  339  346    0
 834  340  347    0
 835  341  348    0
 836  342  349    0
 837  315  350    0
 838  316  351    0
 839  317  352    0
 840  318  353    0
 841  319  354    0
 842  320  355    0
 843  321  356    0
 844  350  351    0
 845  351  352    0
 846  352  353    0
 847  353  354    0
 848  354  355    0
 849  355  356    0
 850  322  357    0
 851  323  358    0
 852  324  359    0
 853  325  360    0
 854  326  361    0
 855  327  362    0
 856  328  363    0
 857  357  358    0
 858  358  359    0
 859  359  360    0
 860  360  361    0
 861  361  362    0
 862  362  363    0
 863  329  364    0
 864  330  365    0
 865  331  366    0
 866  332  367    0
 867  333  368    0
 868  334  369    0
 869  335  370    0
 870  364  365    0
 871  365  366    0
 872  366  367    0
 873  367  368    0
 874  368  369    0
 875  369  370    0
 876  336  371    0
 877  337  372    0
 878  338  373    0
 879  339  374    0
 880  340  375    0
 881  341  376    0
 882  342  377    0
 883  371  372    0
 884  372  373    0
 885  373  374    0
 886  374  375    0
 887  375  376    0
 888  376  377    0
 889  343  378    0
 890  344  379    0
 891  345  380    0
 892  346  381    0
 893  347  382    0
 894  348  383    0
 895  349  384    0
 896  378  379    0
 897  379  380    0
 898  380  381    0
 899  381  382    0
 900  382  383    0
 901  383  384    0
 902  350  357    0
 903  351  358    0
 904  352  359    0
 905  353  360    0
 906  354  361    0
 907  355  362    0
 908  356  363    0
 909  357  364    0
 910  358  365    0
 911  359  366    0
 912  360  367    0
 913  361  368    0
 914  362  369    0
 915  363  370    0
 916  364  371    0
 917  365  372    0
 918  366  373    0
 919  367  374    0
 920  368  375    0
 921  369  376    0
 922  370  377    0
 923  371  378    0
 924  372  379    0
 925  373  380    0
 926  374  381    0
 927  375  382    0
 928  376  383    0
 929  377  384    0
 930   35   78    0
 931   36   79    0
 932   37   80    0
 933   38   81    0
 934   39   82    0
 935   40   83    0
 936   36   77    0
 937   37   78    0
 938   38   79    0
 939   39   80    0
 940   40   81    0
 941   41   82    0
 942   43   70    0
 943   44   71    0
 944   45   72    0
 945   46   73    0
 946   47   74    0
 947   48   75    0
 948   42   71    0
 949   43   72    0
 950   44   73    0
 951   45   74    0
 952   46   75    0
 953   47   76    0
 954   42   85    0
 955   43   86    0
 956   44   87    0
 957   45   88    0
 958   46   89    0
 959   47   90    0
 960   43   84    0
 961   44   85    0
 962   45   86    0
 963   46   87    0
 964   47   88    0
 965   48   89    0
 966   50   77    0
 967   51   78    0
 968   52   79    0
 969   53   80    0
 970   54   81    0
 971   55   82    0
 972   49   78    0
 973   50   79    0
 974   51   80    0
 975   52   81    0
 976   53   82    0
 977   54   83    0
 978   49   92    0
 979   50   93    0
 980   51   94    0
 981   52   95    0
 982   53   96    0
 983   54   97    0
 984   50   91    0
 985   51   92    0
 986   52   93    0
 987   53   94    0
 988   54   95    0
 989   55   96    0
 990   57   84    0
 991   58   85    0
 992   59   86    0
 993   60   87    0
 994   61   88    0
 995   62   89    0
 996   56   85    0
 997   57   86    0
 998   58   87    0
 999   59   88    0
1000   60   89    0
1001   61   90    0
1002   56   99    0
1003   57  100    0
1004   58  101    0
1005   59  102    0
1006   60  103    0
1007   61  104    0
1008   57   98    0
1009   58   99    0
1010   59  100    0
1011   60  101    0
1012   61  102    0
1013   62  103    0
1014   64   91    0
1015   65   92    0
1016   66   93    0
1017   67   94    0
1018   68   95    0
1019   69   96    0
1020   63   92    0
1021   64   93    0
1022   65   94    0
1023   66   95    0
1024   67   96    0
1025   68   97    0
1026   70  113    0
1027   71  114    0
1028   72  115    0
1029   73  116    0
1030   74  117    0
1031   75  118    0
1032   71  112    0
1033   72  113    0
1034   73  114    0
1035   74  115    0
1036   75  116    0
1037   76  117    0
1038   78  105    0
1039   79  106    0
1040   80  107    0
1041   81  108    0
1042   82  109    0
1043   83  110    0
1044   77  106    0
1045   78  107    0
1046   79  108    0
1047   80  109    0
1048   81  110    0
1049   82  111    0
1050   77  120    0
1051   78  121    0
1052   79  122    0
1053   80  123    0
1054   81  124    0
1055   82  125    0
1056   78  119    0
1057   79  120    0
1058   80  121    0
1059   81  122    0
1060   82  123    0
1061   83  124    0
1062   85  112    0
1063   86  113    0
1064   87  114    0
1065   88  115    0
1066   89  116    0
1067   90  117    0
1068   84  113    0
1069   85  114    0
1070   86  115    0
1071   87  116    0
1072   88  117    0
1073   89  118    0
1074   84  127    0
1075   85  128    0
1076   86  129    0
1077   87  130    0
1078   88  131    0
1079   89  132    0
1080   85  126    0
1081   86  127    0
1082   87  128    0
1083   88  129    0
1084   89  130    0
1085   90  131    0
1086   92  119    0
1087   93  120    0
1088   94  121    0
1089   95  122    0
1090   96  123    0
1091   97  124    0
1092   91  120    0
1093   92  121    0
1094   93  122    0
1095   94  123    0
1096   95  124    0
1097   96  125    0
1098   91  134    0
1099   92  135    0
1100   93  136    0
1101   94  137    0
1102   95  138    0
1103   96  139    0
1104   92  133    0
1105   93  134    0
1106   94  135    0
1107   95  136    0
1108   96  137    0
1109   97  138    0
1110   99  126    0
1111  100  127    0
1112  101  128    0
1113  102  129    0
1114  103  130    0
1115  104  131    0
1116   98  127    0
1117   99  128    0
1118  100  129    0
1119  101  130    0
1120  102  131    0
1121  103  132    0
1122  105  148    0
1123  106  149    0
1124  107  150    0
1125  108  151    0
1126  109  152    0
1127  110  153    0
1128  106  147    0
1129  107  148    0
1130  108  149    0
1131  109  150    0
1132  110  151    0
1133  111  152    0
1134  113  140    0
1135  114  141    0
1136  115  142    0
1137  116  143    0
1138  117  144    0
1139  118  145    0
1140  112  141    0
1141  113  142    0
1142  114  143    0
1143  115  144    0
1144  116  145    0
1145  117  146    0
1146  112  155    0
1147  113  156    0
1148  114  157    0
1149  115  158    0
1150  116  159    0
1151  117  160    0
1152  113  154    0
1153  114  155    0
1154  115  156    0
1155  116  157    0
1156  117  158    0
1157  118  159    0
1158  120  147    0
1159  121  148    0
1160  122  149    0
1161  123  150    0
1162  124  151    0
1163  125  152    0
1164  119  148    0
1165  120  149    0
1166  121  150    0
1167  122  151    0
1168  123  152    0
1169  124  153    0
1170  119  162    0
1171  120  163    0
1172  121  164    0
1173  122  165    0
1174  123  166    0
1175  124  167    0
1176  120  161    0
1177  121  162    0
1178  122  163    0
1179  123  164    0
1180  124  165    0
1181  125  166    0
1182  127  154    0
1183  128  155    0
1184  129  156    0
1185  130  157    0
1186  131  158    0
1187  132  159    0
1188  126  155    0
1189  127  156    0
1190  128  157    0
1191  129  158    0
1192  130  159    0
1193  131  160    0
1194  126  169    0
1195  127  170    0
1196  128  171    0
1197  129  172    0
1198  130  173    0
1199  131  174    0
1200  127  168    0
1201  128  169    0
1202  129  170    0
1203  130  171    0
1204  131  172    0
1205  132  173    0
1206  134  161    0
1207  135  162    0
1208  136  163    0
1209  137  164    0
1210  138  165    0
1211  139  166    0
1212  133  162    0
1213  134  163    0
1214  135  164    0
1215  136  165    0
1216  137  166    0
1217  138  167    0
1218  140  183    0
1219  141  184    0
1220  142  185    0
1221  143  186    0
1222  144  187    0
1223  145  188    0
1224  141  182    0
1225  142  183    0
1226  143  184    0
1227  144  185    0
1228  145  186    0
1229  146  187    0
1230  148  175    0
1231  149  176    0
1232  150  177    0
1233  151  178    0
1234  152  179    0
1235  153  180    0
1236  147  176    0
1237  148  177    0
1238  149  178    0
1239  150  179    0
1240  151  180    0
1241  152  181    0
1242  147  190    0
1243  148  191    0
1244  149  192    0
1245  150  193    0
1246  151  194    0
1247  152  195    0
1248  148  189    0
1249  149  190    0
1250  150  191    0
1251  151  192    0
1252  152  193    0
1253  153  194    0
1254  155  182    0
1255  156  183    0
1256  157  184    0
1257  158  185    0
1258  159  186    0
1259  160  187    0
1260  154  183    0
1261  155  184    0
1262  156  185    0
1263  157  186    0
1264  158  187    0
1265  159  188    0
1266  154  197    0
1267  155  198    0
1268  156  199    0
1269  157  200    0
1270  158  201    0
1271  159  202    0
1272  155  196    0
1273  156  197    0
1274  157  198    0
1275  158  199    0
1276  159  200    0
1277  160  201    0
1278  162  189    0
1279  163  190    0
1280  164  191    0
1281  165  192    0
1282  166  193    0
1283  167  194    0
1284  161  190    0
1285  162  191    0
1286  163  192    0
1287  164  193    0
1288  165  194    0
1289  166  195    0
1290  161  204    0
1291  162  205    0
1292  163  206    0
1293  164  207    0
1294  165  208    0
1295  166  209    0
1296  162  203    0
1297  163  204    0
1298  164  205    0
1299  165  206    0
1300  166  207    0
1301  167  208    0
1302  169  196    0
1303  170  197    0
1304  171  198    0
1305  172  199    0
1306  173  200    0
1307  174  201    0
1308  168  197    0
1309  169  198    0
1310  170  199    0
1311  171  200    0
1312  172  201    0
1313  173  202    0
1314  175  218    0
1315  176  219    0
1316  177  220    0
1317  178  221    0
1318  179  222    0
1319  180  223    0
1320  176  217    0
1321  177  218    0
1322  178  219    0
1323  179  220    0
1324  180  221    0
1325  181  222    0
1326  183  210    0
1327  184  211    0
1328  185  212    0
1329  186  213    0
1330  187  214    0
1331  188  215    0
1332  182  211    0
1333  183  212    0
1334  184  213    0
1335  185  214    0
1336  186  215    0
1337  187  216    0
1338  182  225    0
1339  183  226    0
1340  184  227    0
1341  185  228    0
1342  186  229    0
1343  187  230    0
1344  183  224    0
1345  184  225    0
1346  185  226    0
1347  186  227    0
1348  187  228    0
1349  188  229    0
1350  190  217    0
1351  191  218    0
1352  192  219    0
1353  193  220    0
1354  194  221    0
1355  195  222    0
1356  189  218    0
1357  190  219    0
1358  191  220    0
1359  192  221    0
1360  193  222    0
1361  194  223    0
1362  189  232    0
1363  190  233    0
1364  191  234    0
1365  192  235    0
1366  193  236    0
1367  194  237    0
1368  190  231    0
1369  191  232    0
1370  192  233    0
1371  193  234    0
1372  194  235    0
1373  195  236    0
1374  197  224    0
1375  198  225    0
1376  199  226    0
1377  200  227    0
1378  201  228    0
1379  202  229    0
1380  196  225    0
1381  197  226    0
1382  198  227    0
1383  199  228    0
1384  200  229    0
1385  201  230    0
1386  196  239    0
1387  197  240    0
1388  198  241    0
1389  199  242    0
1390  200  243    0
1391  201  244    0
1392  197  238    0
1393  198  239    0
1394  199  240    0
1395  200  241    0
1396  201  242    0
1397  202  243    0
1398  204  231    0
1399  205  232    0
1400  206  233    0
1401  207  234    0
1402  208  235    0
1403  209  236    0
1404  203  232    0
1405  204  233    0
1406  205  234    0
1407  206  235    0
1408  207  236    0
1409  208  237    0
1410  210  253    0
1411  211  254    0
1412  212  255    0
1413  213  256    0
1414  214  257    0
1415  215  258    0
1416  211  252    0
1417  212  253    0
1418  213  254    0
1419  214  255    0
1420  215  256    0
1421  216  257    0
1422  218  245    0
1423  219  246    0
1424  220  247    0
1425  221  248    0
1426  222  249    0
1427  223  250    0
1428  217  246    0
1429  218  247    0
1430  219  248    0
1431  220  249    0
1432  221  250    0
1433  222  251    0
1434  217  260    0
1435  218  261    0
1436  219  262    0
1437  220  263    0
1438  221  264    0
1439  222  265    0
1440  218  259    0
1441  219  260    0
1442  220  261    0
1443  221  262    0
1444  222  263    0
1445  223  264    0
1446  225  252    0
1447  226  253    0
1448  227  254    0
1449  228  255    0
1450  229  256    0
1451  230  257    0
1452  224  253    0
1453  225  254    0
1454  226  255    0
1455  227  256    0
1456  228  257    0
1457  229  258    0
1458  224  267    0
1459  225  268    0
1460  226  269    0
1461  227  270    0
1462  228  271    0
1463  229  272    0
1464  225  266    0
1465  226  267    0
1466  227  268    0
1467  228  269    0
1468  229  270    0
1469  230  271    0
1470  232  259    0
1471  233  260    0
1472  234  261    0
1473  235  262    0
1474  236  263    0
1475  237  264    0
1476  231  260    0
1477  232  261    0
1478  233  262    0
1479  234  263    0
1480  235  264    0
1481  236  265    0
1482  231  274    0
1483  232  275    0
1484  233  276    0
1485  234  277    0
1486  235  278    0
1487  236  279    0
1488  232  273    0
1489  233  274    0
1490  234  275    0
1491  235  276    0
1492  236  277    0
1493  237  278    0
1494  239  266    0
1495  240  267    0
1496  241  268    0
1497  242  269    0
1498  243  270    0
1499  244  271    0
1500  238  267    0
1501  239  268    0
1502  240  269    0
1503  241  270    0
1504  242  271    0
1505  243  272    0
1506  245  288    0
1507  246  289    0
1508  247  290    0
1509  248  291    0
1510  249  292    0
1511  250  293    0
1512  246  287    0
1513  247  288    0
1514  248  289    0
1515  249  290    0
1516  250  291    0
1517  251  292    0
1518  253  280    0
1519  254  281    0
1520  255  282    0
1521  256  283    0
1522  257  284    0
1523  258  285    0
1524  252  281    0
1525  253  282    0
1526  254  283    0
1527  255  284    0
1528  256  285    0
1529  257  286    0
1530  252  295    0
1531  253  296    0
1532  254  297    0
1533  255  298    0
1534  256  299    0
1535  257  300    0
1536  253  294    0
1537  254  295    0
1538  255  296    0
1539  256  297    0
1540  257  298    0
1541  258  299    0
1542  260  287    0
1543  261  288    0
1544  262  289    0
1545  263  290    0
1546  264  291    0
1547  265  292    0
1548  259  288    0
1549  260  289    0
1550  261  290    0
1551  262  291    0
1552  263  292    0
1553  264  293    0
1554  259  302    0
1555  260  303    0
1556  261  304    0
1557  262  305    0
1558  263  306    0
1559  264  307    0
1560  260  301    0
1561  261  302    0
1562  262  303    0
1563  263  304    0
1564  264  305    0
1565  265  306    0
1566  267  294    0
1567  268  295    0
1568  269  296    0
1569  270  297    0
1570  271  298    0
1571  272  299    0
1572  266  295    0
1573  267  296    0
1574  268  297    0
1575  269  298    0
1576  270  299    0
1577  271  300    0
1578  266  309    0
1579  267  310    0
1580  268  311    0
1581  269  312    0
1582  270  313    0
1583  271  314    0
1584  267  308    0
1585  268  309    0
1586  269  310    0
1587  270  311    0
1588  271  312    0
1589  272  313    0
1590  274  301    0
1591  275  302    0
1592  276  303    0
1593  277  304    0
1594  278  305    0
1595  279  306    0
1596  273  302    0
1597  274  303    0
1598  275  304    0
1599  276  305    0
1600  277  306    0
1601  278  307    0
1602  280  323    0
1603  281  324    0
1604  282  325    0
1605  283  326    0
1606  284  327    0
1607  285  328    0
1608  281  322    0
1609  282  323    0
1610  283  324    0
1611  284  325    0
1612  285  326    0
1613  286  327    0
1614  288  315    0
1615  289  316    0
1616  290  317    0
1617  291  318    0
1618  292  319    0
1619  293  320    0
1620  287  316    0
1621  288  317    0
1622  289  318    0
1623  290  319    0
1624  291  320    0
1625  292  321    0
1626  287  330    0
1627  288  331    0
1628  289  332    0
1629  290  333    0
1630  291  334    0
1631  292  335    0
1632  288  329    0
1633  289  330    0
1634  290  331    0
1635  291  332    0
1636  292  333    0
1637  293  334    0
1638  295  322    0
1639  296  323    0
1640  297  324    0
1641  298  325    0
1642  299  326    0
1643  300  327    0
1644  294  323    0
1645  295  324    0
1646  296  325    0
1647  297  326    0
1648  298  327    0
1649  299  328    0
1650  294  337    0
1651  295  338    0
1652  296  339    0
1653  297  340    0
1654  298  341    0
1655  299  342    0
1656  295  336    0
1657  296  337    0
1658  297  338    0
1659  298  339    0
1660  299  340    0
1661  300  341    0
1662  302  329    0
1663  303  330    0
1664  304  331    0
1665  305  332    0
1666  306  333    0
1667  307  334    0
1668  301  330    0
1669  302  331    0
1670  303  332    0
1671  304  333    0
1672  305  334    0
1673  306  335    0
1674  301  344    0
1675  302  345    0
1676  303  346    0
1677  304  347    0
1678  305  348    0
1679  306  349    0
1680  302  343    0
1681  303  344    0
1682  304  345    0
1683  305  346    0
1684  306  347    0
1685  307  348    0
1686  309  336    0
1687  310  337    0
1688  311  338    0
1689  312  339    0
1690  313  340    0
1691  314  341    0
1692  308  337    0
1693  309  338    0
1694  310  339    0
1695  311  340    0
1696  312  341    0
1697  313  342    0
1698  315  358    0
1699  316  359    0
1700  317  360    0
1701  318  361    0
1702  319  362    0
1703  320  363    0
1704  316  357    0
1705  317  358    0
1706  318  359    0
1707  319  360    0
1708  320  361    0
1709  321  362    0
1710  323  350    0
1711  324  351    0
1712  325  352    0
1713  326  353    0
1714  327  354    0
1715  328  355    0
1716  322  351    0
1717  323  352    0
1718  324  353    0
1719  325  354    0
1720  326  355    0
1721  327  356    0
1722  322  365    0
1723  323  366    0
1724  324  367    0
1725  325  368    0
1726  326  369    0
1727  327  370    0
1728  323  364    0
1729  324  365    0
1730  325  366    0
1731  326  367    0
1732  327  368    0
1733  328  369    0
1734  330  357    0
1735  331  358    0
1736  332  359    0
1737  333  360    0
1738  334  361    0
1739  335  362    0
1740  329  358    0
1741  330  359    0
1742  331  360    0
1743  332  361    0
1744  333  362    0
1745  334  363    0
1746  329  372    0
1747  330  373    0
1748  331  374    0
1749  332  375    0
1750  333  376    0
1751  334  377    0
1752  330  371    0
1753  331  372    0
1754  332  373    0
1755  333  374    0
1756  334  375    0
1757  335  376    0
1758  337  364    0
1759  338  365    0
1760  339  366    0
1761  340  367    0
1762  341  368    0
1763  342  369    0
1764  336  365    0
1765  337  366    0
1766  338  367    0
1767  339  368    0
1768  340  369    0
1769  341  370    0
1770  336  379    0
1771  337  380    0
1772  338  381    0
1773  339  382    0
1774  340  383    0
1775  341  384    0
1776  337  378    0
1777  338  379    0
1778  339  380    0
1779  340  381    0
1780  341  382    0
1781  342  383    0
1782  344  371    0
1783  345  372    0
1784  346  373    0
1785  347  374    0
1786  348  375    0
1787  349  376    0
1788  343  372    0
1789  344  373    0
1790  345  374    0
1791  346  375    0
1792  347  376    0
1793  348  377    0
node no., coordinates 
0    0.0000    0.0000    0.0000 
1    0.0000    0.0000    0.8571 
2    0.0000    0.0000    1.7143 
3    0.0000    0.0000    2.5714 
4    0.0000    0.0000    3.4286 
5    0.0000    0.0000    4.2857 
6    0.0000    0.0000    5.1429 
7    0.8000    0.0000    0.0000 
8    0.8000    0.0000    0.8571 
9    0.8000    0.0000    1.7143 
10    0.8000    0.0000    2.5714 
11    0.8000    0.0000    3.4286 
12    0.8000    0.0000    4.2857 
13    0.8000    0.0000    5.1429 
14    1.6000    0.0000    0.0000 
15    1.6000    0.0000    0.8571 
16    1.6000    0.0000    1.7143 
17    1.6000    0.0000    2.5714 
18    1.6000    0.0000    3.4286 
19    1.6000    0.0000    4.2857 
20    1.6000    0.0000    5.1429 
21    2.4000    0.0000    0.0000 
22    2.4000    0.0000    0.8571 
23    2.4000    0.0000    1.7143 
24    2.4000    0.0000    2.5714 
25    2.4000    0.0000    3.4286 
26    2.4000    0.0000    4.2857 
27    2.4000    0.0000    5.1429 
28    3.2000    0.0000    0.0000 
29    3.2000    0.0000    0.8571 
30    3.2000    0.0000    1.7143 
31    3.2000    0.0000    2.5714 
32    3.2000    0.0000    3.4286 
33    3.2000    0.0000    4.2857 
34    3.2000    0.0000    5.1429 
35    0.0000    0.9091    0.0000 
36    0.0000    0.9091    0.8571 
37    0.0000    0.9091    1.7143 
38    0.0000    0.9091    2.5714 
39    0.0000    0.9091    3.4286 
40    0.0000    0.9091    4.2857 
41    0.0000    0.9091    5.1429 
42    0.8000    0.9091    0.0000 
43    0.8000    0.9091    0.8571 
44    0.8000    0.9091    1.7143 
45    0.8000    0.9091    2.5714 
46    0.8000    0.9091    3.4286 
47    0.8000    0.9091    4.2857 
48    0.8000    0.9091    5.1429 
49    1.6000    0.9091    0.0000 
50    1.6000    0.9091    0.8571 
51    1.6000    0.9091    1.7143 
52    1.6000    0.9091    2.5714 
53    1.6000    0.9091    3.4286 
54    1.6000    0.9091    4.2857 
55    1.6000    0.9091    5.1429 
56    2.4000    0.9091    0.0000 
57    2.4000    0.9091    0.8571 
58    2.4000    0.9091    1.7143 
59    2.4000    0.9091    2.5714 
60    2.4000    0.9091    3.4286 
61    2.4000    0.9091    4.2857 
62    2.4000    0.9091    5.1429 
63    3.2000    0.9091    0.0000 
64    3.2000    0.9091    0.8571 
65    3.2000    0.9091    1.7143 
66    3.2000    0.9091    2.5714 
67    3.2000    0.9091    3.4286 
68    3.2000    0.9091    4.2857 
69    3.2000    0.9091    5.1429 
70    0.0000    1.8182    0.0000 
71    0.0000    1.8182    0.8571 
72    0.0000    1.8182    1.7143 
73    0.0000    1.8182    2.5714 
74    0.0000    1.8182    3.4286 
75    0.0000    1.8182    4.2857 
76    0.0000    1.8182    5.1429 
77    0.8000    1.8182    0.0000 
78    0.8000    1.8182    0.8571 
79    0.8000    1.8182    1.7143 
80    0.8000    1.8182    2.5714 
81    0.8000    1.8182    3.4286 
82    0.8000    1.8182    4.2857 
83    0.8000    1.8182    5.1429 
84    1.6000    1.8182    0.0000 
85    1.6000    1.8182    0.8571 
86    1.6000    1.8182    1.7143 
87    1.6000    1.8182    2.5714 
88    1.6000    1.8182    3.4286 
89    1.6000    1.8182    4.2857 
90    1.6000    1.8182    5.1429 
91    2.4000    1.8182    0.0000 
92    2.4000    1.8182    0.8571 
93    2.4000    1.8182    1.7143 
94    2.4000    1.8182    2.5714 
95    2.4000    1.8182    3.4286 
96    2.4000    1.8182    4.2857 
97    2.4000    1.8182    5.1429 
98    3.2000    1.8182    0.0000 
99    3.2000    1.8182    0.8571 
100    3.2000    1.8182    1.7143 
101    3.2000    1.8182    2.5714 
102    3.2000    1.8182    3.4286 
103    3.2000    1.8182    4.2857 
104    3.2000    1.8182    5.1429 
105    0.0000    2.7273    0.0000 
106    0.0000    2.7273    0.8571 
107    0.0000    2.7273    1.7143 
108    0.0000    2.7273    2.5714 
109    0.0000    2.7273    3.4286 
110    0.0000    2.7273    4.2857 
111    0.0000    2.7273    5.1429 
112    0.8000    2.7273    0.0000 
113    0.8000    2.7273    0.8571 
114    0.8000    2.7273    1.7143 
115    0.8000    2.7273    2.5714 
116    0.8000    2.7273    3.4286 
117    0.8000    2.7273    4.2857 
118    0.8000    2.7273    5.1429 
119    1.6000    2.7273    0.0000 
120    1.6000    2.7273    0.8571 
121    1.6000    2.7273    1.7143 
122    1.6000    2.7273    2.5714 
123    1.6000    2.7273    3.4286 
124    1.6000    2.7273    4.2857 
125    1.6000    2.7273    5.1429 
126    2.4000    2.7273    0.0000 
127    2.4000    2.7273    0.8571 
128    2.4000    2.7273    1.7143 
129    2.4000    2.7273    2.5714 
130    2.4000    2.7273    3.4286 
131    2.4000    2.7273    4.2857 
132    2.4000    2.7273    5.1429 
133    3.2000    2.7273    0.0000 
134    3.2000    2.7273    0.8571 
135    3.2000    2.7273    1.7143 
136    3.2000    2.7273    2.5714 
137    3.2000    2.7273    3.4286 
138    3.2000    2.7273    4.2857 
139    3.2000    2.7273    5.1429 
140    0.0000    3.6364    0.0000 
141    0.0000    3.6364    0.8571 
142    0.0000    3.6364    1.7143 
143    0.0000    3.6364    2.5714 
144    0.0000    3.6364    3.4286 
145    0.0000    3.6364    4.2857 
146    0.0000    3.6364    5.1429 
147    0.8000    3.6364    0.0000 
148    0.8000    3.6364    0.8571 
149    0.8000    3.6364    1.7143 
150    0.8000    3.6364    2.5714 
151    0.8000    3.6364    3.4286 
152    0.8000    3.6364    4.2857 
153    0.8000    3.6364    5.1429 
154    1.6000    3.6364    0.0000 
155    1.6000    3.6364    0.8571 
156    1.6000    3.6364    1.7143 
157    1.6000    3.6364    2.5714 
158    1.6000    3.6364    3.4286 
159    1.6000    3.6364    4.2857 
160    1.6000    3.6364    5.1429 
161    2.4000    3.6364    0.0000 
162    2.4000    3.6364    0.8571 
163    2.4000    3.6364    1.7143 
164    2.4000    3.6364    2.5714 
165    2.4000    3.6364    3.4286 
166    2.4000    3.6364    4.2857 
167    2.4000    3.6364    5.1429 
168    3.2000    3.6364    0.0000 
169    3.2000    3.6364    0.8571 
170    3.2000    3.6364    1.7143 
171    3.2000    3.6364    2.5714 
172    3.2000    3.6364    3.4286 
173    3.2000    3.6364    4.2857 
174    3.2000    3.6364    5.1429 
175    0.0000    4.5455    0.0000 
176    0.0000    4.5455    0.8571 
177    0.0000    4.5455    1.7143 
178    0.0000    4.5455    2.5714 
179    0.0000    4.5455    3.4286 
180    0.0000    4.5455    4.2857 
181    0.0000    4.5455    5.1429 
182    0.8000    4.5455    0.0000 
183    0.8000    4.5455    0.8571 
184    0.8000    4.5455    1.7143 
185    0.8000    4.5455    2.5714 
186    0.8000    4.5455    3.4286 
187    0.8000    4.5455    4.2857 
188    0.8000    4.5455    5.1429 
189    1.6000    4.5455    0.0000 
190    1.6000    4.5455    0.8571 
191    1.6000    4.5455    1.7143 
192    1.6000    4.5455    2.5714 
193    1.6000    4.5455    3.4286 
194    1.6000    4.5455    4.2857 
195    1.6000    4.5455    5.1429 
196    2.4000    4.5455    0.0000 
197    2.4000    4.5455    0.8571 
198    2.4000    4.5455    1.7143 
199    2.4000    4.5455    2.5714 
200    2.4000    4.5455    3.4286 
201    2.4000    4.5455    4.2857 
202    2.4000    4.5455    5.1429 
203    3.2000    4.5455    0.0000 
204    3.2000    4.5455    0.8571 
205    3.2000    4.5455    1.7143 
206    3.2000    4.5455    2.5714 
207    3.2000    4.5455    3.4286 
208    3.2000    4.5455    4.2857 
209    3.2000    4.5455    5.1429 
210    0.0000    5.4545    0.0000 
211    0.0000    5.4545    0.8571 
212    0.0000    5.4545    1.7143 
213    0.0000    5.4545    2.5714 
214    0.0000    5.4545    3.4286 
215    0.0000    5.4545    4.2857 
216    0.0000    5.4545    5.1429 
217    0.8000    5.4545    0.0000 
218    0.8000    5.4545    0.8571 
219    0.8000    5.4545    1.7143 
220    0.8000    5.4545    2.5714 
221    0.8000    5.4545    3.4286 
222    0.8000    5.4545    4.2857 
223    0.8000    5.4545    5.1429 
224    1.6000    5.4545    0.0000 
225    1.6000    5.4545    0.8571 
226    1.6000    5.4545    1.7143 
227    1.6000    5.4545    2.5714 
228    1.6000    5.4545    3.4286 
229    1.6000    5.4545    4.2857 
230    1.6000    5.4545    5.1429 
231    2.4000    5.4545    0.0000 
232    2.4000    5.4545    0.8571 
233    2.4000    5.4545    1.7143 
234    2.4000    5.4545    2.5714 
235    2.4000    5.4545    3.4286 
236    2.4000    5.4545    4.2857 
237    2.4000    5.4545    5.1429 
238    3.2000    5.4545    0.0000 
239    3.2000    5.4545    0.8571 
240    3.2000    5.4545    1.7143 
241    3.2000    5.4545    2.5714 
242    3.2000    5.4545    3.4286 
243    3.2000    5.4545    4.2857 
244    3.2000    5.4545    5.1429 
245    0.0000    6.3636    0.0000 
246    0.0000    6.3636    0.8571 
247    0.0000    6.3636    1.7143 
248    0.0000    6.3636    2.5714 
249    0.0000    6.3636    3.4286 
250    0.0000    6.3636    4.2857 
251    0.0000    6.3636    5.1429 
252    0.8000    6.3636    0.0000 
253    0.8000    6.3636    0.8571 
254    0.8000    6.3636    1.7143 
255    0.8000    6.3636    2.5714 
256    0.8000    6.3636    3.4286 
257    0.8000    6.3636    4.2857 
258    0.8000    6.3636    5.1429 
259    1.6000    6.3636    0.0000 
260    1.6000    6.3636    0.8571 
261    1.6000    6.3636    1.7143 
262    1.6000    6.3636    2.5714 
263    1.6000    6.3636    3.4286 
264    1.6000    6.3636    4.2857 
265    1.6000    6.3636    5.1429 
266    2.4000    6.3636    0.0000 
267    2.4000    6.3636    0.8571 
268    2.4000    6.3636    1.7143 
269    2.4000    6.3636    2.5714 
270    2.4000    6.3636    3.4286 
271    2.4000    6.3636    4.2857 
272    2.4000    6.3636    5.1429 
273    3.2000    6.3636    0.0000 
274    3.2000    6.3636    0.8571 
275    3.2000    6.3636    1.7143 
276    3.2000    6.3636    2.5714 
277    3.2000    6.3636    3.4286 
278    3.2000    6.3636    4.2857 
279    3.2000    6.3636    5.1429 
280    0.0000    7.2727    0.0000 
281    0.0000    7.2727    0.8571 
282    0.0000    7.2727    1.7143 
283    0.0000    7.2727    2.5714 
284    0.0000    7.2727    3.4286 
285    0.0000    7.2727    4.2857 
286    0.0000    7.2727    5.1429 
287    0.8000    7.2727    0.0000 
288    0.8000    7.2727    0.8571 
289    0.8000    7.2727    1.7143 
290    0.8000    7.2727    2.5714 
291    0.8000    7.2727    3.4286 
292    0.8000    7.2727    4.2857 
293    0.8000    7.2727    5.1429 
294    1.6000    7.2727    0.0000 
295    1.6000    7.2727    0.8571 
296    1.6000    7.2727    1.7143 
297    1.6000    7.2727    2.5714 
298    1.6000    7.2727    3.4286 
299    1.6000    7.2727    4.2857 
300    1.6000    7.2727    5.1429 
301    2.4000    7.2727    0.0000 
302    2.4000    7.2727    0.8571 
303    2.4000    7.2727    1.7143 
304    2.4000    7.2727    2.5714 
305    2.4000    7.2727    3.4286 
306    2.4000    7.2727    4.2857 
307    2.4000    7.2727    5.1429 
308    3.2000    7.2727    0.0000 
309    3.2000    7.2727    0.8571 
310    3.2000    7.2727    1.7143 
311    3.2000    7.2727    2.5714 
312    3.2000    7.2727    3.4286 
313    3.2000    7.2727    4.2857 
314    3.2000    7.2727    5.1429 
315    0.0000    8.1818    0.0000 
316    0.0000    8.1818    0.8571 
317    0.0000    8.1818    1.7143 
318    0.0000    8.1818    2.5714 
319    0.0000    8.1818    3.4286 
320    0.0000    8.1818    4.2857 
321    0.0000    8.1818    5.1429 
322    0.8000    8.1818    0.0000 
323    0.8000    8.1818    0.8571 
324    0.8000    8.1818    1.7143 
325    0.8000    8.1818    2.5714 
326    0.8000    8.1818    3.4286 
327    0.8000    8.1818    4.2857 
328    0.8000    8.1818    5.1429 
329    1.6000    8.1818    0.0000 
330    1.6000    8.1818    0.8571 
331    1.6000    8.1818    1.7143 
332    1.6000    8.1818    2.5714 
333    1.6000    8.1818    3.4286 
334    1.6000    8.1818    4.2857 
335    1.6000    8.1818    5.1429 
336    2.4000    8.1818    0.0000 
337    2.4000    8.1818    0.8571 
338    2.4000    8.1818    1.7143 
339    2.4000    8.1818    2.5714 
340    2.4000    8.1818    3.4286 
341    2.4000    8.1818    4.2857 
342    2.4000    8.1818    5.1429 
343    3.2000    8.1818    0.0000 
344    3.2000    8.1818    0.8571 
345    3.2000    8.1818    1.7143 
346    3.2000    8.1818    2.5714 
347    3.2000    8.1818    3.4286 
348    3.2000    8.1818    4.2857 
349    3.2000    8.1818    5.1429 
350    0.0000    9.0909    0.0000 
351    0.0000    9.0909    0.8571 
352    0.0000    9.0909    1.7143 
353    0.0000    9.0909    2.5714 
354    0.0000    9.0909    3.4286 
355    0.0000    9.0909    4.2857 
356    0.0000    9.0909    5.1429 
357    0.8000    9.0909    0.0000 
358    0.8000    9.0909    0.8571 
359    0.8000    9.0909    1.7143 
360    0.8000    9.0909    2.5714 
361    0.8000    9.0909    3.4286 
362    0.8000    9.0909    4.2857 
363    0.8000    9.0909    5.1429 
364    1.6000    9.0909    0.0000 
365    1.6000    9.0909    0.8571 
366    1.6000    9.0909    1.7143 
367    1.6000    9.0909    2.5714 
368    1.6000    9.0909    3.4286 
369    1.6000    9.0909    4.2857 
370    1.6000    9.0909    5.1429 
371    2.4000    9.0909    0.0000 
372    2.4000    9.0909    0.8571 
373    2.4000    9.0909    1.7143 
374    2.4000    9.0909    2.5714 
375    2.4000    9.0909    3.4286 
376    2.4000    9.0909    4.2857 
377    2.4000    9.0909    5.1429 
378    3.2000    9.0909    0.0000 
379    3.2000    9.0909    0.8571 
380    3.2000    9.0909    1.7143 
381    3.2000    9.0909    2.5714 
382    3.2000    9.0909    3.4286 
383    3.2000    9.0909    4.2857 
384    3.2000    9.0909    5.1429 
prescribed displacement x: node  disp value
  35   0.000000e+00
  36   0.000000e+00
  37   0.000000e+00
  38   0.000000e+00
  39   0.000000e+00
  40   0.000000e+00
  41   0.000000e+00
  42   0.000000e+00
  43   0.000000e+00
  44   0.000000e+00
  45   0.000000e+00
  46   0.000000e+00
  47   0.000000e+00
  48   0.000000e+00
  49   0.000000e+00
  50   0.000000e+00
  51   0.000000e+00
  52   0.000000e+00
  53   0.000000e+00
  54   0.000000e+00
  55   0.000000e+00
  56   0.000000e+00
  57   0.000000e+00
  58   0.000000e+00
  59   0.000000e+00
  60   0.000000e+00
  61   0.000000e+00
  62   0.000000e+00
  63   0.000000e+00
  64   0.000000e+00
  65   0.000000e+00
  66   0.000000e+00
  67   0.000000e+00
  68   0.000000e+00
  69   0.000000e+00
 -10
 prescribed displacement y: node  disp value
  35   0.000000e+00
  36   0.000000e+00
  37   0.000000e+00
  38   0.000000e+00
  39   0.000000e+00
  40   0.000000e+00
  41   0.000000e+00
  42   0.000000e+00
  43   0.000000e+00
  44   0.000000e+00
  45   0.000000e+00
  46   0.000000e+00
  47   0.000000e+00
  48   0.000000e+00
  49   0.000000e+00
  50   0.000000e+00
  51   0.000000e+00
  52   0.000000e+00
  53   0.000000e+00
  54   0.000000e+00
  55   0.000000e+00
  56   0.000000e+00
  57   0.000000e+00
  58   0.000000e+00
  59   0.000000e+00
  60   0.000000e+00
  61   0.000000e+00
  62   0.000000e+00
  63   0.000000e+00
  64   0.000000e+00
  65   0.000000e+00
  66   0.000000e+00
  67   0.000000e+00
  68   0.000000e+00
  69   0.000000e+00
 -10
 prescribed displacement z: node  disp value
  35   0.000000e+00
  36   0.000000e+00
  37   0.000000e+00
  38   0.000000e+00
  39   0.000000e+00
  40   0.000000e+00
  41   0.000000e+00
  42   0.000000e+00
  43   0.000000e+00
  44   0.000000e+00
  45   0.000000e+00
  46   0.000000e+00
  47   0.000000e+00
  48   0.000000e+00
  49   0.000000e+00
  50   0.000000e+00
  51   0.000000e+00
  52   0.000000e+00
  53   0.000000e+00
  54   0.000000e+00
  55   0.000000e+00
  56   0.000000e+00
  57   0.000000e+00
  58   0.000000e+00
  59   0.000000e+00
  60   0.000000e+00
  61   0.000000e+00
  62   0.000000e+00
  63   0.000000e+00
  64   0.000000e+00
  65   0.000000e+00
  66   0.000000e+00
  67   0.000000e+00
  68   0.000000e+00
  69   0.000000e+00
 -10
 node with point load x, y, z
 350   5.000000e+05   0.000000e+00   0.000000e+00
 351   5.000000e+05   0.000000e+00   0.000000e+00
 352   5.000000e+05   0.000000e+00   0.000000e+00
 353   5.000000e+05   0.000000e+00   0.000000e+00
 354   5.000000e+05   0.000000e+00   0.000000e+00
 355   5.000000e+05   0.000000e+00   0.000000e+00
 356   5.000000e+05   0.000000e+00   0.000000e+00
 357   5.000000e+05   0.000000e+00   0.000000e+00
 358   5.000000e+05   0.000000e+00   0.000000e+00
 359   5.000000e+05   0.000000e+00   0.000000e+00
 360   5.000000e+05   0.000000e+00   0.000000e+00
 361   5.000000e+05   0.000000e+00   0.000000e+00
 362   5.000000e+05   0.000000e+00   0.000000e+00
 363   5.000000e+05   0.000000e+00   0.000000e+00
 364   5.000000e+05   0.000000e+00   0.000000e+00
 365   5.000000e+05   0.000000e+00   0.000000e+00
 366   5.000000e+05   0.000000e+00   0.000000e+00
 367   5.000000e+05   0.000000e+00   0.000000e+00
 368   5.000000e+05   0.000000e+00   0.000000e+00
 369   5.000000e+05   0.000000e+00   0.000000e+00
 370   5.000000e+05   0.000000e+00   0.000000e+00
 371   5.000000e+05   0.000000e+00   0.000000e+00
 372   5.000000e+05   0.000000e+00   0.000000e+00
 373   5.000000e+05   0.000000e+00   0.000000e+00
 374   5.000000e+05   0.000000e+00   0.000000e+00
 375   5.000000e+05   0.000000e+00   0.000000e+00
 376   5.000000e+05   0.000000e+00   0.000000e+00
 377   5.000000e+05   0.000000e+00   0.000000e+00
 378   5.000000e+05   0.000000e+00   0.000000e+00
 379   5.000000e+05   0.000000e+00   0.000000e+00
 380   5.000000e+05   0.000000e+00   0.000000e+00
 381   5.000000e+05   0.000000e+00   0.000000e+00
 382   5.000000e+05   0.000000e+00   0.000000e+00
 383   5.000000e+05   0.000000e+00   0.000000e+00
 384   5.000000e+05   0.000000e+00   0.000000e+00
 -10
 element no. and gauss pt. no. with stress and tensile stress vector
 -10 
