   numel numnp nmat nmode  This is the flat comb mesh 
      662  294    1    0 
 matl no., E modulus, density, Area
  0  10000000.0000 2770.0000        1.0000 
 el no., connectivity, matl no. 
   0    0   14    0
   1    1   15    0
   2    2   16    0
   3    3   17    0
   4    4   18    0
   5    5   19    0
   6    6   20    0
   7    7   21    0
   8    8   22    0
   9    9   23    0
  10   10   24    0
  11   11   25    0
  12   12   26    0
  13   13   27    0
  14    1    2    0
  15    3    4    0
  16    5    6    0
  17    7    8    0
  18    9   10    0
  19   11   12    0
  20   14   15    0
  21   16   17    0
  22   18   19    0
  23   20   21    0
  24   22   23    0
  25   24   25    0
  26   26   27    0
  27   14   28    0
  28   15   29    0
  29   16   30    0
  30   17   31    0
  31   18   32    0
  32   19   33    0
  33   20   34    0
  34   21   35    0
  35   22   36    0
  36   23   37    0
  37   24   38    0
  38   25   39    0
  39   26   40    0
  40   27   41    0
  41   28   42    0
  42   29   43    0
  43   30   44    0
  44   31   45    0
  45   32   46    0
  46   33   47    0
  47   34   48    0
  48   35   49    0
  49   36   50    0
  50   37   51    0
  51   38   52    0
  52   39   53    0
  53   40   54    0
  54   41   55    0
  55   29   30    0
  56   31   32    0
  57   33   34    0
  58   35   36    0
  59   37   38    0
  60   39   40    0
  61   42   43    0
  62   44   45    0
  63   46   47    0
  64   48   49    0
  65   50   51    0
  66   52   53    0
  67   54   55    0
  68   42   56    0
  69   43   57    0
  70   44   58    0
  71   45   59    0
  72   46   60    0
  73   47   61    0
  74   48   62    0
  75   49   63    0
  76   50   64    0
  77   51   65    0
  78   52   66    0
  79   53   67    0
  80   54   68    0
  81   55   69    0
  82   56   70    0
  83   57   71    0
  84   58   72    0
  85   59   73    0
  86   60   74    0
  87   61   75    0
  88   62   76    0
  89   63   77    0
  90   64   78    0
  91   65   79    0
  92   66   80    0
  93   67   81    0
  94   68   82    0
  95   69   83    0
  96   57   58    0
  97   59   60    0
  98   61   62    0
  99   63   64    0
 100   65   66    0
 101   67   68    0
 102   70   71    0
 103   72   73    0
 104   74   75    0
 105   76   77    0
 106   78   79    0
 107   80   81    0
 108   82   83    0
 109   70   84    0
 110   71   85    0
 111   72   86    0
 112   73   87    0
 113   74   88    0
 114   75   89    0
 115   76   90    0
 116   77   91    0
 117   78   92    0
 118   79   93    0
 119   80   94    0
 120   81   95    0
 121   82   96    0
 122   83   97    0
 123   84   98    0
 124   85   99    0
 125   86  100    0
 126   87  101    0
 127   88  102    0
 128   89  103    0
 129   90  104    0
 130   91  105    0
 131   92  106    0
 132   93  107    0
 133   94  108    0
 134   95  109    0
 135   96  110    0
 136   97  111    0
 137   85   86    0
 138   87   88    0
 139   89   90    0
 140   91   92    0
 141   93   94    0
 142   95   96    0
 143   98   99    0
 144  100  101    0
 145  102  103    0
 146  104  105    0
 147  106  107    0
 148  108  109    0
 149  110  111    0
 150   98  112    0
 151   99  113    0
 152  100  114    0
 153  101  115    0
 154  102  116    0
 155  103  117    0
 156  104  118    0
 157  105  119    0
 158  106  120    0
 159  107  121    0
 160  108  122    0
 161  109  123    0
 162  110  124    0
 163  111  125    0
 164  112  126    0
 165  113  127    0
 166  114  128    0
 167  115  129    0
 168  116  130    0
 169  117  131    0
 170  118  132    0
 171  119  133    0
 172  120  134    0
 173  121  135    0
 174  122  136    0
 175  123  137    0
 176  124  138    0
 177  125  139    0
 178  113  114    0
 179  115  116    0
 180  117  118    0
 181  119  120    0
 182  121  122    0
 183  123  124    0
 184  126  127    0
 185  128  129    0
 186  130  131    0
 187  132  133    0
 188  134  135    0
 189  136  137    0
 190  138  139    0
 191  126  140    0
 192  127  141    0
 193  128  142    0
 194  129  143    0
 195  130  144    0
 196  131  145    0
 197  132  146    0
 198  133  147    0
 199  134  148    0
 200  135  149    0
 201  136  150    0
 202  137  151    0
 203  138  152    0
 204  139  153    0
 205  140  154    0
 206  141  155    0
 207  142  156    0
 208  143  157    0
 209  144  158    0
 210  145  159    0
 211  146  160    0
 212  147  161    0
 213  148  162    0
 214  149  163    0
 215  150  164    0
 216  151  165    0
 217  152  166    0
 218  153  167    0
 219  141  142    0
 220  143  144    0
 221  145  146    0
 222  147  148    0
 223  149  150    0
 224  151  152    0
 225  154  155    0
 226  156  157    0
 227  158  159    0
 228  160  161    0
 229  162  163    0
 230  164  165    0
 231  166  167    0
 232  154  168    0
 233  155  169    0
 234  156  170    0
 235  157  171    0
 236  158  172    0
 237  159  173    0
 238  160  174    0
 239  161  175    0
 240  162  176    0
 241  163  177    0
 242  164  178    0
 243  165  179    0
 244  166  180    0
 245  167  181    0
 246  168  182    0
 247  169  183    0
 248  170  184    0
 249  171  185    0
 250  172  186    0
 251  173  187    0
 252  174  188    0
 253  175  189    0
 254  176  190    0
 255  177  191    0
 256  178  192    0
 257  179  193    0
 258  180  194    0
 259  181  195    0
 260  169  170    0
 261  171  172    0
 262  173  174    0
 263  175  176    0
 264  177  178    0
 265  179  180    0
 266  182  183    0
 267  184  185    0
 268  186  187    0
 269  188  189    0
 270  190  191    0
 271  192  193    0
 272  194  195    0
 273  182  196    0
 274  183  197    0
 275  184  198    0
 276  185  199    0
 277  186  200    0
 278  187  201    0
 279  188  202    0
 280  189  203    0
 281  190  204    0
 282  191  205    0
 283  192  206    0
 284  193  207    0
 285  194  208    0
 286  195  209    0
 287  196  210    0
 288  197  211    0
 289  198  212    0
 290  199  213    0
 291  200  214    0
 292  201  215    0
 293  202  216    0
 294  203  217    0
 295  204  218    0
 296  205  219    0
 297  206  220    0
 298  207  221    0
 299  208  222    0
 300  209  223    0
 301  197  198    0
 302  199  200    0
 303  201  202    0
 304  203  204    0
 305  205  206    0
 306  207  208    0
 307  210  211    0
 308  212  213    0
 309  214  215    0
 310  216  217    0
 311  218  219    0
 312  220  221    0
 313  222  223    0
 314  210  224    0
 315  211  225    0
 316  212  226    0
 317  213  227    0
 318  214  228    0
 319  215  229    0
 320  216  230    0
 321  217  231    0
 322  218  232    0
 323  219  233    0
 324  220  234    0
 325  221  235    0
 326  222  236    0
 327  223  237    0
 328  224  238    0
 329  225  239    0
 330  226  240    0
 331  227  241    0
 332  228  242    0
 333  229  243    0
 334  230  244    0
 335  231  245    0
 336  232  246    0
 337  233  247    0
 338  234  248    0
 339  235  249    0
 340  236  250    0
 341  237  251    0
 342  225  226    0
 343  227  228    0
 344  229  230    0
 345  231  232    0
 346  233  234    0
 347  235  236    0
 348  238  239    0
 349  240  241    0
 350  242  243    0
 351  244  245    0
 352  246  247    0
 353  248  249    0
 354  250  251    0
 355  238  252    0
 356  239  253    0
 357  240  254    0
 358  241  255    0
 359  242  256    0
 360  243  257    0
 361  244  258    0
 362  245  259    0
 363  246  260    0
 364  247  261    0
 365  248  262    0
 366  249  263    0
 367  250  264    0
 368  251  265    0
 369  252  266    0
 370  253  267    0
 371  254  268    0
 372  255  269    0
 373  256  270    0
 374  257  271    0
 375  258  272    0
 376  259  273    0
 377  260  274    0
 378  261  275    0
 379  262  276    0
 380  263  277    0
 381  264  278    0
 382  265  279    0
 383  253  254    0
 384  255  256    0
 385  257  258    0
 386  259  260    0
 387  261  262    0
 388  263  264    0
 389  266  267    0
 390  268  269    0
 391  270  271    0
 392  272  273    0
 393  274  275    0
 394  276  277    0
 395  278  279    0
 396  266  280    0
 397  267  281    0
 398  268  282    0
 399  269  283    0
 400  270  284    0
 401  271  285    0
 402  272  286    0
 403  273  287    0
 404  274  288    0
 405  275  289    0
 406  276  290    0
 407  277  291    0
 408  278  292    0
 409  279  293    0
 410  281  282    0
 411  283  284    0
 412  285  286    0
 413  287  288    0
 414  289  290    0
 415  291  292    0
 416    1   30    0
 417    2   29    0
 418    3   32    0
 419    4   31    0
 420    5   34    0
 421    6   33    0
 422    7   36    0
 423    8   35    0
 424    9   38    0
 425   10   37    0
 426   11   40    0
 427   12   39    0
 428   29   58    0
 429   30   57    0
 430   31   60    0
 431   32   59    0
 432   33   62    0
 433   34   61    0
 434   35   64    0
 435   36   63    0
 436   37   66    0
 437   38   65    0
 438   39   68    0
 439   40   67    0
 440   57   86    0
 441   58   85    0
 442   59   88    0
 443   60   87    0
 444   61   90    0
 445   62   89    0
 446   63   92    0
 447   64   91    0
 448   65   94    0
 449   66   93    0
 450   67   96    0
 451   68   95    0
 452   85  114    0
 453   86  113    0
 454   87  116    0
 455   88  115    0
 456   89  118    0
 457   90  117    0
 458   91  120    0
 459   92  119    0
 460   93  122    0
 461   94  121    0
 462   95  124    0
 463   96  123    0
 464  113  142    0
 465  114  141    0
 466  115  144    0
 467  116  143    0
 468  117  146    0
 469  118  145    0
 470  119  148    0
 471  120  147    0
 472  121  150    0
 473  122  149    0
 474  123  152    0
 475  124  151    0
 476  141  170    0
 477  142  169    0
 478  143  172    0
 479  144  171    0
 480  145  174    0
 481  146  173    0
 482  147  176    0
 483  148  175    0
 484  149  178    0
 485  150  177    0
 486  151  180    0
 487  152  179    0
 488  169  198    0
 489  170  197    0
 490  171  200    0
 491  172  199    0
 492  173  202    0
 493  174  201    0
 494  175  204    0
 495  176  203    0
 496  177  206    0
 497  178  205    0
 498  179  208    0
 499  180  207    0
 500  197  226    0
 501  198  225    0
 502  199  228    0
 503  200  227    0
 504  201  230    0
 505  202  229    0
 506  203  232    0
 507  204  231    0
 508  205  234    0
 509  206  233    0
 510  207  236    0
 511  208  235    0
 512  225  254    0
 513  226  253    0
 514  227  256    0
 515  228  255    0
 516  229  258    0
 517  230  257    0
 518  231  260    0
 519  232  259    0
 520  233  262    0
 521  234  261    0
 522  235  264    0
 523  236  263    0
 524  253  282    0
 525  254  281    0
 526  255  284    0
 527  256  283    0
 528  257  286    0
 529  258  285    0
 530  259  288    0
 531  260  287    0
 532  261  290    0
 533  262  289    0
 534  263  292    0
 535  264  291    0
 536   14   43    0
 537   15   42    0
 538   16   45    0
 539   17   44    0
 540   18   47    0
 541   19   46    0
 542   20   49    0
 543   21   48    0
 544   22   51    0
 545   23   50    0
 546   24   53    0
 547   25   52    0
 548   26   55    0
 549   27   54    0
 550   42   71    0
 551   43   70    0
 552   44   73    0
 553   45   72    0
 554   46   75    0
 555   47   74    0
 556   48   77    0
 557   49   76    0
 558   50   79    0
 559   51   78    0
 560   52   81    0
 561   53   80    0
 562   54   83    0
 563   55   82    0
 564   70   99    0
 565   71   98    0
 566   72  101    0
 567   73  100    0
 568   74  103    0
 569   75  102    0
 570   76  105    0
 571   77  104    0
 572   78  107    0
 573   79  106    0
 574   80  109    0
 575   81  108    0
 576   82  111    0
 577   83  110    0
 578   98  127    0
 579   99  126    0
 580  100  129    0
 581  101  128    0
 582  102  131    0
 583  103  130    0
 584  104  133    0
 585  105  132    0
 586  106  135    0
 587  107  134    0
 588  108  137    0
 589  109  136    0
 590  110  139    0
 591  111  138    0
 592  126  155    0
 593  127  154    0
 594  128  157    0
 595  129  156    0
 596  130  159    0
 597  131  158    0
 598  132  161    0
 599  133  160    0
 600  134  163    0
 601  135  162    0
 602  136  165    0
 603  137  164    0
 604  138  167    0
 605  139  166    0
 606  154  183    0
 607  155  182    0
 608  156  185    0
 609  157  184    0
 610  158  187    0
 611  159  186    0
 612  160  189    0
 613  161  188    0
 614  162  191    0
 615  163  190    0
 616  164  193    0
 617  165  192    0
 618  166  195    0
 619  167  194    0
 620  182  211    0
 621  183  210    0
 622  184  213    0
 623  185  212    0
 624  186  215    0
 625  187  214    0
 626  188  217    0
 627  189  216    0
 628  190  219    0
 629  191  218    0
 630  192  221    0
 631  193  220    0
 632  194  223    0
 633  195  222    0
 634  210  239    0
 635  211  238    0
 636  212  241    0
 637  213  240    0
 638  214  243    0
 639  215  242    0
 640  216  245    0
 641  217  244    0
 642  218  247    0
 643  219  246    0
 644  220  249    0
 645  221  248    0
 646  222  251    0
 647  223  250    0
 648  238  267    0
 649  239  266    0
 650  240  269    0
 651  241  268    0
 652  242  271    0
 653  243  270    0
 654  244  273    0
 655  245  272    0
 656  246  275    0
 657  247  274    0
 658  248  277    0
 659  249  276    0
 660  250  279    0
 661  251  278    0
node no., coordinates 
0    0.0000      0.0000     0.0000 
1    2.5000      0.0000     0.0000 
2    3.7500      0.0000     0.0000 
3    6.2500      0.0000     0.0000 
4    7.5000      0.0000     0.0000 
5   10.0000      0.0000     0.0000 
6   11.2500      0.0000     0.0000 
7   13.7500      0.0000     0.0000 
8   15.0000      0.0000     0.0000 
9   17.5000      0.0000     0.0000 
10   18.7500      0.0000     0.0000 
11   21.2500      0.0000     0.0000 
12   22.5000      0.0000     0.0000 
13   25.0000      0.0000     0.0000 
14    0.6250      1.0825     0.0000 
15    1.8750      1.0825     0.0000 
16    4.3750      1.0825     0.0000 
17    5.6250      1.0825     0.0000 
18    8.1250      1.0825     0.0000 
19    9.3750      1.0825     0.0000 
20   11.8750      1.0825     0.0000 
21   13.1250      1.0825     0.0000 
22   15.6250      1.0825     0.0000 
23   16.8750      1.0825     0.0000 
24   19.3750      1.0825     0.0000 
25   20.6250      1.0825     0.0000 
26   23.1250      1.0825     0.0000 
27   24.3750      1.0825     0.0000 
28    0.0000      2.1651     0.0000 
29    2.5000      2.1651     0.0000 
30    3.7500      2.1651     0.0000 
31    6.2500      2.1651     0.0000 
32    7.5000      2.1651     0.0000 
33   10.0000      2.1651     0.0000 
34   11.2500      2.1651     0.0000 
35   13.7500      2.1651     0.0000 
36   15.0000      2.1651     0.0000 
37   17.5000      2.1651     0.0000 
38   18.7500      2.1651     0.0000 
39   21.2500      2.1651     0.0000 
40   22.5000      2.1651     0.0000 
41   25.0000      2.1651     0.0000 
42    0.6250      3.2476     0.0000 
43    1.8750      3.2476     0.0000 
44    4.3750      3.2476     0.0000 
45    5.6250      3.2476     0.0000 
46    8.1250      3.2476     0.0000 
47    9.3750      3.2476     0.0000 
48   11.8750      3.2476     0.0000 
49   13.1250      3.2476     0.0000 
50   15.6250      3.2476     0.0000 
51   16.8750      3.2476     0.0000 
52   19.3750      3.2476     0.0000 
53   20.6250      3.2476     0.0000 
54   23.1250      3.2476     0.0000 
55   24.3750      3.2476     0.0000 
56    0.0000      4.3301     0.0000 
57    2.5000      4.3301     0.0000 
58    3.7500      4.3301     0.0000 
59    6.2500      4.3301     0.0000 
60    7.5000      4.3301     0.0000 
61   10.0000      4.3301     0.0000 
62   11.2500      4.3301     0.0000 
63   13.7500      4.3301     0.0000 
64   15.0000      4.3301     0.0000 
65   17.5000      4.3301     0.0000 
66   18.7500      4.3301     0.0000 
67   21.2500      4.3301     0.0000 
68   22.5000      4.3301     0.0000 
69   25.0000      4.3301     0.0000 
70    0.6250      5.4127     0.0000 
71    1.8750      5.4127     0.0000 
72    4.3750      5.4127     0.0000 
73    5.6250      5.4127     0.0000 
74    8.1250      5.4127     0.0000 
75    9.3750      5.4127     0.0000 
76   11.8750      5.4127     0.0000 
77   13.1250      5.4127     0.0000 
78   15.6250      5.4127     0.0000 
79   16.8750      5.4127     0.0000 
80   19.3750      5.4127     0.0000 
81   20.6250      5.4127     0.0000 
82   23.1250      5.4127     0.0000 
83   24.3750      5.4127     0.0000 
84    0.0000      6.4952     0.0000 
85    2.5000      6.4952     0.0000 
86    3.7500      6.4952     0.0000 
87    6.2500      6.4952     0.0000 
88    7.5000      6.4952     0.0000 
89   10.0000      6.4952     0.0000 
90   11.2500      6.4952     0.0000 
91   13.7500      6.4952     0.0000 
92   15.0000      6.4952     0.0000 
93   17.5000      6.4952     0.0000 
94   18.7500      6.4952     0.0000 
95   21.2500      6.4952     0.0000 
96   22.5000      6.4952     0.0000 
97   25.0000      6.4952     0.0000 
98    0.6250      7.5777     0.0000 
99    1.8750      7.5777     0.0000 
100    4.3750      7.5777     0.0000 
101    5.6250      7.5777     0.0000 
102    8.1250      7.5777     0.0000 
103    9.3750      7.5777     0.0000 
104   11.8750      7.5777     0.0000 
105   13.1250      7.5777     0.0000 
106   15.6250      7.5777     0.0000 
107   16.8750      7.5777     0.0000 
108   19.3750      7.5777     0.0000 
109   20.6250      7.5777     0.0000 
110   23.1250      7.5777     0.0000 
111   24.3750      7.5777     0.0000 
112    0.0000      8.6603     0.0000 
113    2.5000      8.6603     0.0000 
114    3.7500      8.6603     0.0000 
115    6.2500      8.6603     0.0000 
116    7.5000      8.6603     0.0000 
117   10.0000      8.6603     0.0000 
118   11.2500      8.6603     0.0000 
119   13.7500      8.6603     0.0000 
120   15.0000      8.6603     0.0000 
121   17.5000      8.6603     0.0000 
122   18.7500      8.6603     0.0000 
123   21.2500      8.6603     0.0000 
124   22.5000      8.6603     0.0000 
125   25.0000      8.6603     0.0000 
126    0.6250      9.7428     0.0000 
127    1.8750      9.7428     0.0000 
128    4.3750      9.7428     0.0000 
129    5.6250      9.7428     0.0000 
130    8.1250      9.7428     0.0000 
131    9.3750      9.7428     0.0000 
132   11.8750      9.7428     0.0000 
133   13.1250      9.7428     0.0000 
134   15.6250      9.7428     0.0000 
135   16.8750      9.7428     0.0000 
136   19.3750      9.7428     0.0000 
137   20.6250      9.7428     0.0000 
138   23.1250      9.7428     0.0000 
139   24.3750      9.7428     0.0000 
140    0.0000     10.8253     0.0000 
141    2.5000     10.8253     0.0000 
142    3.7500     10.8253     0.0000 
143    6.2500     10.8253     0.0000 
144    7.5000     10.8253     0.0000 
145   10.0000     10.8253     0.0000 
146   11.2500     10.8253     0.0000 
147   13.7500     10.8253     0.0000 
148   15.0000     10.8253     0.0000 
149   17.5000     10.8253     0.0000 
150   18.7500     10.8253     0.0000 
151   21.2500     10.8253     0.0000 
152   22.5000     10.8253     0.0000 
153   25.0000     10.8253     0.0000 
154    0.6250     11.9078     0.0000 
155    1.8750     11.9078     0.0000 
156    4.3750     11.9078     0.0000 
157    5.6250     11.9078     0.0000 
158    8.1250     11.9078     0.0000 
159    9.3750     11.9078     0.0000 
160   11.8750     11.9078     0.0000 
161   13.1250     11.9078     0.0000 
162   15.6250     11.9078     0.0000 
163   16.8750     11.9078     0.0000 
164   19.3750     11.9078     0.0000 
165   20.6250     11.9078     0.0000 
166   23.1250     11.9078     0.0000 
167   24.3750     11.9078     0.0000 
168    0.0000     12.9904     0.0000 
169    2.5000     12.9904     0.0000 
170    3.7500     12.9904     0.0000 
171    6.2500     12.9904     0.0000 
172    7.5000     12.9904     0.0000 
173   10.0000     12.9904     0.0000 
174   11.2500     12.9904     0.0000 
175   13.7500     12.9904     0.0000 
176   15.0000     12.9904     0.0000 
177   17.5000     12.9904     0.0000 
178   18.7500     12.9904     0.0000 
179   21.2500     12.9904     0.0000 
180   22.5000     12.9904     0.0000 
181   25.0000     12.9904     0.0000 
182    0.6250     14.0729     0.0000 
183    1.8750     14.0729     0.0000 
184    4.3750     14.0729     0.0000 
185    5.6250     14.0729     0.0000 
186    8.1250     14.0729     0.0000 
187    9.3750     14.0729     0.0000 
188   11.8750     14.0729     0.0000 
189   13.1250     14.0729     0.0000 
190   15.6250     14.0729     0.0000 
191   16.8750     14.0729     0.0000 
192   19.3750     14.0729     0.0000 
193   20.6250     14.0729     0.0000 
194   23.1250     14.0729     0.0000 
195   24.3750     14.0729     0.0000 
196    0.0000     15.1554     0.0000 
197    2.5000     15.1554     0.0000 
198    3.7500     15.1554     0.0000 
199    6.2500     15.1554     0.0000 
200    7.5000     15.1554     0.0000 
201   10.0000     15.1554     0.0000 
202   11.2500     15.1554     0.0000 
203   13.7500     15.1554     0.0000 
204   15.0000     15.1554     0.0000 
205   17.5000     15.1554     0.0000 
206   18.7500     15.1554     0.0000 
207   21.2500     15.1554     0.0000 
208   22.5000     15.1554     0.0000 
209   25.0000     15.1554     0.0000 
210    0.6250     16.2380     0.0000 
211    1.8750     16.2380     0.0000 
212    4.3750     16.2380     0.0000 
213    5.6250     16.2380     0.0000 
214    8.1250     16.2380     0.0000 
215    9.3750     16.2380     0.0000 
216   11.8750     16.2380     0.0000 
217   13.1250     16.2380     0.0000 
218   15.6250     16.2380     0.0000 
219   16.8750     16.2380     0.0000 
220   19.3750     16.2380     0.0000 
221   20.6250     16.2380     0.0000 
222   23.1250     16.2380     0.0000 
223   24.3750     16.2380     0.0000 
224    0.0000     17.3205     0.0000 
225    2.5000     17.3205     0.0000 
226    3.7500     17.3205     0.0000 
227    6.2500     17.3205     0.0000 
228    7.5000     17.3205     0.0000 
229   10.0000     17.3205     0.0000 
230   11.2500     17.3205     0.0000 
231   13.7500     17.3205     0.0000 
232   15.0000     17.3205     0.0000 
233   17.5000     17.3205     0.0000 
234   18.7500     17.3205     0.0000 
235   21.2500     17.3205     0.0000 
236   22.5000     17.3205     0.0000 
237   25.0000     17.3205     0.0000 
238    0.6250     18.4030     0.0000 
239    1.8750     18.4030     0.0000 
240    4.3750     18.4030     0.0000 
241    5.6250     18.4030     0.0000 
242    8.1250     18.4030     0.0000 
243    9.3750     18.4030     0.0000 
244   11.8750     18.4030     0.0000 
245   13.1250     18.4030     0.0000 
246   15.6250     18.4030     0.0000 
247   16.8750     18.4030     0.0000 
248   19.3750     18.4030     0.0000 
249   20.6250     18.4030     0.0000 
250   23.1250     18.4030     0.0000 
251   24.3750     18.4030     0.0000 
252    0.0000     19.4856     0.0000 
253    2.5000     19.4856     0.0000 
254    3.7500     19.4856     0.0000 
255    6.2500     19.4856     0.0000 
256    7.5000     19.4856     0.0000 
257   10.0000     19.4856     0.0000 
258   11.2500     19.4856     0.0000 
259   13.7500     19.4856     0.0000 
260   15.0000     19.4856     0.0000 
261   17.5000     19.4856     0.0000 
262   18.7500     19.4856     0.0000 
263   21.2500     19.4856     0.0000 
264   22.5000     19.4856     0.0000 
265   25.0000     19.4856     0.0000 
266    0.6250     20.5681     0.0000 
267    1.8750     20.5681     0.0000 
268    4.3750     20.5681     0.0000 
269    5.6250     20.5681     0.0000 
270    8.1250     20.5681     0.0000 
271    9.3750     20.5681     0.0000 
272   11.8750     20.5681     0.0000 
273   13.1250     20.5681     0.0000 
274   15.6250     20.5681     0.0000 
275   16.8750     20.5681     0.0000 
276   19.3750     20.5681     0.0000 
277   20.6250     20.5681     0.0000 
278   23.1250     20.5681     0.0000 
279   24.3750     20.5681     0.0000 
280    0.0000     21.6506     0.0000 
281    2.5000     21.6506     0.0000 
282    3.7500     21.6506     0.0000 
283    6.2500     21.6506     0.0000 
284    7.5000     21.6506     0.0000 
285   10.0000     21.6506     0.0000 
286   11.2500     21.6506     0.0000 
287   13.7500     21.6506     0.0000 
288   15.0000     21.6506     0.0000 
289   17.5000     21.6506     0.0000 
290   18.7500     21.6506     0.0000 
291   21.2500     21.6506     0.0000 
292   22.5000     21.6506     0.0000 
293   25.0000     21.6506     0.0000 
prescribed displacement x: node  disp value
   0   0.000000e+00
   1   0.000000e+00
   2   0.000000e+00
   3   0.000000e+00
   4   0.000000e+00
   5   0.000000e+00
   6   0.000000e+00
   7   0.000000e+00
   8   0.000000e+00
   9   0.000000e+00
  10   0.000000e+00
  11   0.000000e+00
  12   0.000000e+00
  13   0.000000e+00
   0   0.000000e+00
  13   0.000000e+00
  14   0.000000e+00
  27   0.000000e+00
  28   0.000000e+00
  41   0.000000e+00
  42   0.000000e+00
  55   0.000000e+00
  56   0.000000e+00
  69   0.000000e+00
  70   0.000000e+00
  83   0.000000e+00
  84   0.000000e+00
  97   0.000000e+00
  98   0.000000e+00
 111   0.000000e+00
 112   0.000000e+00
 125   0.000000e+00
 126   0.000000e+00
 139   0.000000e+00
 140   0.000000e+00
 153   0.000000e+00
 154   0.000000e+00
 167   0.000000e+00
 168   0.000000e+00
 181   0.000000e+00
 182   0.000000e+00
 195   0.000000e+00
 196   0.000000e+00
 209   0.000000e+00
 210   0.000000e+00
 223   0.000000e+00
 224   0.000000e+00
 237   0.000000e+00
 238   0.000000e+00
 251   0.000000e+00
 252   0.000000e+00
 265   0.000000e+00
 266   0.000000e+00
 279   0.000000e+00
 280   0.000000e+00
 293   0.000000e+00
 280   0.000000e+00
 281   0.000000e+00
 282   0.000000e+00
 283   0.000000e+00
 284   0.000000e+00
 285   0.000000e+00
 286   0.000000e+00
 287   0.000000e+00
 288   0.000000e+00
 289   0.000000e+00
 290   0.000000e+00
 291   0.000000e+00
 292   0.000000e+00
 293   0.000000e+00
 -10
 prescribed displacement y: node  disp value
   0   0.000000e+00
   1   0.000000e+00
   2   0.000000e+00
   3   0.000000e+00
   4   0.000000e+00
   5   0.000000e+00
   6   0.000000e+00
   7   0.000000e+00
   8   0.000000e+00
   9   0.000000e+00
  10   0.000000e+00
  11   0.000000e+00
  12   0.000000e+00
  13   0.000000e+00
   0   0.000000e+00
  13   0.000000e+00
  14   0.000000e+00
  27   0.000000e+00
  28   0.000000e+00
  41   0.000000e+00
  42   0.000000e+00
  55   0.000000e+00
  56   0.000000e+00
  69   0.000000e+00
  70   0.000000e+00
  83   0.000000e+00
  84   0.000000e+00
  97   0.000000e+00
  98   0.000000e+00
 111   0.000000e+00
 112   0.000000e+00
 125   0.000000e+00
 126   0.000000e+00
 139   0.000000e+00
 140   0.000000e+00
 153   0.000000e+00
 154   0.000000e+00
 167   0.000000e+00
 168   0.000000e+00
 181   0.000000e+00
 182   0.000000e+00
 195   0.000000e+00
 196   0.000000e+00
 209   0.000000e+00
 210   0.000000e+00
 223   0.000000e+00
 224   0.000000e+00
 237   0.000000e+00
 238   0.000000e+00
 251   0.000000e+00
 252   0.000000e+00
 265   0.000000e+00
 266   0.000000e+00
 279   0.000000e+00
 280   0.000000e+00
 293   0.000000e+00
 280   0.000000e+00
 281   0.000000e+00
 282   0.000000e+00
 283   0.000000e+00
 284   0.000000e+00
 285   0.000000e+00
 286   0.000000e+00
 287   0.000000e+00
 288   0.000000e+00
 289   0.000000e+00
 290   0.000000e+00
 291   0.000000e+00
 292   0.000000e+00
 293   0.000000e+00
 -10
 prescribed displacement z: node  disp value
   0   0.000000e+00
   1   0.000000e+00
   2   0.000000e+00
   3   0.000000e+00
   4   0.000000e+00
   5   0.000000e+00
   6   0.000000e+00
   7   0.000000e+00
   8   0.000000e+00
   9   0.000000e+00
  10   0.000000e+00
  11   0.000000e+00
  12   0.000000e+00
  13   0.000000e+00
  14   0.000000e+00
  15   0.000000e+00
  16   0.000000e+00
  17   0.000000e+00
  18   0.000000e+00
  19   0.000000e+00
  20   0.000000e+00
  21   0.000000e+00
  22   0.000000e+00
  23   0.000000e+00
  24   0.000000e+00
  25   0.000000e+00
  26   0.000000e+00
  27   0.000000e+00
  28   0.000000e+00
  29   0.000000e+00
  30   0.000000e+00
  31   0.000000e+00
  32   0.000000e+00
  33   0.000000e+00
  34   0.000000e+00
  35   0.000000e+00
  36   0.000000e+00
  37   0.000000e+00
  38   0.000000e+00
  39   0.000000e+00
  40   0.000000e+00
  41   0.000000e+00
  42   0.000000e+00
  43   0.000000e+00
  44   0.000000e+00
  45   0.000000e+00
  46   0.000000e+00
  47   0.000000e+00
  48   0.000000e+00
  49   0.000000e+00
  50   0.000000e+00
  51   0.000000e+00
  52   0.000000e+00
  53   0.000000e+00
  54   0.000000e+00
  55   0.000000e+00
  56   0.000000e+00
  57   0.000000e+00
  58   0.000000e+00
  59   0.000000e+00
  60   0.000000e+00
  61   0.000000e+00
  62   0.000000e+00
  63   0.000000e+00
  64   0.000000e+00
  65   0.000000e+00
  66   0.000000e+00
  67   0.000000e+00
  68   0.000000e+00
  69   0.000000e+00
  70   0.000000e+00
  71   0.000000e+00
  72   0.000000e+00
  73   0.000000e+00
  74   0.000000e+00
  75   0.000000e+00
  76   0.000000e+00
  77   0.000000e+00
  78   0.000000e+00
  79   0.000000e+00
  80   0.000000e+00
  81   0.000000e+00
  82   0.000000e+00
  83   0.000000e+00
  84   0.000000e+00
  85   0.000000e+00
  86   0.000000e+00
  87   0.000000e+00
  88   0.000000e+00
  89   0.000000e+00
  90   0.000000e+00
  91   0.000000e+00
  92   0.000000e+00
  93   0.000000e+00
  94   0.000000e+00
  95   0.000000e+00
  96   0.000000e+00
  97   0.000000e+00
  98   0.000000e+00
  99   0.000000e+00
 100   0.000000e+00
 101   0.000000e+00
 102   0.000000e+00
 103   0.000000e+00
 104   0.000000e+00
 105   0.000000e+00
 106   0.000000e+00
 107   0.000000e+00
 108   0.000000e+00
 109   0.000000e+00
 110   0.000000e+00
 111   0.000000e+00
 112   0.000000e+00
 113   0.000000e+00
 114   0.000000e+00
 115   0.000000e+00
 116   0.000000e+00
 117   0.000000e+00
 118   0.000000e+00
 119   0.000000e+00
 120   0.000000e+00
 121   0.000000e+00
 122   0.000000e+00
 123   0.000000e+00
 124   0.000000e+00
 125   0.000000e+00
 126   0.000000e+00
 127   0.000000e+00
 128   0.000000e+00
 129   0.000000e+00
 130   0.000000e+00
 131   0.000000e+00
 132   0.000000e+00
 133   0.000000e+00
 134   0.000000e+00
 135   0.000000e+00
 136   0.000000e+00
 137   0.000000e+00
 138   0.000000e+00
 139   0.000000e+00
 140   0.000000e+00
 141   0.000000e+00
 142   0.000000e+00
 143   0.000000e+00
 144   0.000000e+00
 145   0.000000e+00
 146   0.000000e+00
 147   0.000000e+00
 148   0.000000e+00
 149   0.000000e+00
 150   0.000000e+00
 151   0.000000e+00
 152   0.000000e+00
 153   0.000000e+00
 154   0.000000e+00
 155   0.000000e+00
 156   0.000000e+00
 157   0.000000e+00
 158   0.000000e+00
 159   0.000000e+00
 160   0.000000e+00
 161   0.000000e+00
 162   0.000000e+00
 163   0.000000e+00
 164   0.000000e+00
 165   0.000000e+00
 166   0.000000e+00
 167   0.000000e+00
 168   0.000000e+00
 169   0.000000e+00
 170   0.000000e+00
 171   0.000000e+00
 172   0.000000e+00
 173   0.000000e+00
 174   0.000000e+00
 175   0.000000e+00
 176   0.000000e+00
 177   0.000000e+00
 178   0.000000e+00
 179   0.000000e+00
 180   0.000000e+00
 181   0.000000e+00
 182   0.000000e+00
 183   0.000000e+00
 184   0.000000e+00
 185   0.000000e+00
 186   0.000000e+00
 187   0.000000e+00
 188   0.000000e+00
 189   0.000000e+00
 190   0.000000e+00
 191   0.000000e+00
 192   0.000000e+00
 193   0.000000e+00
 194   0.000000e+00
 195   0.000000e+00
 196   0.000000e+00
 197   0.000000e+00
 198   0.000000e+00
 199   0.000000e+00
 200   0.000000e+00
 201   0.000000e+00
 202   0.000000e+00
 203   0.000000e+00
 204   0.000000e+00
 205   0.000000e+00
 206   0.000000e+00
 207   0.000000e+00
 208   0.000000e+00
 209   0.000000e+00
 210   0.000000e+00
 211   0.000000e+00
 212   0.000000e+00
 213   0.000000e+00
 214   0.000000e+00
 215   0.000000e+00
 216   0.000000e+00
 217   0.000000e+00
 218   0.000000e+00
 219   0.000000e+00
 220   0.000000e+00
 221   0.000000e+00
 222   0.000000e+00
 223   0.000000e+00
 224   0.000000e+00
 225   0.000000e+00
 226   0.000000e+00
 227   0.000000e+00
 228   0.000000e+00
 229   0.000000e+00
 230   0.000000e+00
 231   0.000000e+00
 232   0.000000e+00
 233   0.000000e+00
 234   0.000000e+00
 235   0.000000e+00
 236   0.000000e+00
 237   0.000000e+00
 238   0.000000e+00
 239   0.000000e+00
 240   0.000000e+00
 241   0.000000e+00
 242   0.000000e+00
 243   0.000000e+00
 244   0.000000e+00
 245   0.000000e+00
 246   0.000000e+00
 247   0.000000e+00
 248   0.000000e+00
 249   0.000000e+00
 250   0.000000e+00
 251   0.000000e+00
 252   0.000000e+00
 253   0.000000e+00
 254   0.000000e+00
 255   0.000000e+00
 256   0.000000e+00
 257   0.000000e+00
 258   0.000000e+00
 259   0.000000e+00
 260   0.000000e+00
 261   0.000000e+00
 262   0.000000e+00
 263   0.000000e+00
 264   0.000000e+00
 265   0.000000e+00
 266   0.000000e+00
 267   0.000000e+00
 268   0.000000e+00
 269   0.000000e+00
 270   0.000000e+00
 271   0.000000e+00
 272   0.000000e+00
 273   0.000000e+00
 274   0.000000e+00
 275   0.000000e+00
 276   0.000000e+00
 277   0.000000e+00
 278   0.000000e+00
 279   0.000000e+00
 280   0.000000e+00
 281   0.000000e+00
 282   0.000000e+00
 283   0.000000e+00
 284   0.000000e+00
 285   0.000000e+00
 286   0.000000e+00
 287   0.000000e+00
 288   0.000000e+00
 289   0.000000e+00
 290   0.000000e+00
 291   0.000000e+00
 292   0.000000e+00
 293   0.000000e+00
 -10
 node with point load and load vector in x, y, z
 117   0.000000e+00   1.000000e+05   0.000000e+00
 118   0.000000e+00   1.000000e+05   0.000000e+00
 119   0.000000e+00   1.000000e+05   0.000000e+00
 120   0.000000e+00   1.000000e+05   0.000000e+00
 131   0.000000e+00   1.000000e+05   0.000000e+00
 132   0.000000e+00   1.000000e+05   0.000000e+00
 133   0.000000e+00   1.000000e+05   0.000000e+00
 134   0.000000e+00   1.000000e+05   0.000000e+00
 145   0.000000e+00   1.000000e+05   0.000000e+00
 146   0.000000e+00   1.000000e+05   0.000000e+00
 147   0.000000e+00   1.000000e+05   0.000000e+00
 148   0.000000e+00   1.000000e+05   0.000000e+00
 159   0.000000e+00   1.000000e+05   0.000000e+00
 160   0.000000e+00   1.000000e+05   0.000000e+00
 161   0.000000e+00   1.000000e+05   0.000000e+00
 162   0.000000e+00   1.000000e+05   0.000000e+00
 173   0.000000e+00   1.000000e+05   0.000000e+00
 174   0.000000e+00   1.000000e+05   0.000000e+00
 175   0.000000e+00   1.000000e+05   0.000000e+00
 176   0.000000e+00   1.000000e+05   0.000000e+00
 -10
 element and gauss pt. with stress and stress vector in xx,yy,xy
 -10 