   numel numnp nmat nmode plane_stress_flag (READ notes at bottom of file!!!)
620 211 1 -5
matl no., E modulus, Poisson Ratio, density
  0  30000000.0000    0.3000  1.23e4    2.0000    1.0000    1.0000
el no., connectivity, matl no
       0         0         1         0    2
       1         1        11         0    2
       2        11         0         0    2
       3         1         2         0    2
       4         2        12         0    2
       5        12         1         0    2
       6         2         3         0    2
       7         3        13         0    2
       8        13         2         0    2
       9         3         4         0    2
      10         4        14         0    2
      11        14         3         0    2
      12         4         5         0    2
      13         5        15         0    2
      14        15         4         0    2
      15         5         6         0    2
      16         6        16         0    2
      17        16         5         0    2
      18         6         7         0    2
      19         7        17         0    2
      20        17         6         0    2
      21         7         8         0    2
      22         8        18         0    2
      23        18         7         0    2
      24         8         9         0    2
      25         9        19         0    2
      26        19         8         0    2
      27         9         0         0    2
      28         0        10         0    2
      29        10         9         0    2
      30        10        11         0    2
      31        11        21         0    2
      32        21        10         0    2
      33        11        12         0    2
      34        12        22         0    2
      35        22        11         0    2
      36        12        13         0    2
      37        13        23         0    2
      38        23        12         0    2
      39        13        14         0    2
      40        14        24         0    2
      41        24        13         0    2
      42        14        15         0    2
      43        15        25         0    2
      44        25        14         0    2
      45        15        16         0    2
      46        16        26         0    2
      47        26        15         0    2
      48        16        17         0    2
      49        17        27         0    2
      50        27        16         0    2
      51        17        18         0    2
      52        18        28         0    2
      53        28        17         0    2
      54        18        19         0    2
      55        19        29         0    2
      56        29        18         0    2
      57        19        10         0    2
      58        10        20         0    2
      59        20        19         0    2
      60        20        21         0    2
      61        21        31         0    2
      62        31        20         0    2
      63        21        22         0    2
      64        22        32         0    2
      65        32        21         0    2
      66        22        23         0    2
      67        23        33         0    2
      68        33        22         0    2
      69        23        24         0    2
      70        24        34         0    2
      71        34        23         0    2
      72        24        25         0    2
      73        25        35         0    2
      74        35        24         0    2
      75        25        26         0    2
      76        26        36         0    2
      77        36        25         0    2
      78        26        27         0    2
      79        27        37         0    2
      80        37        26         0    2
      81        27        28         0    2
      82        28        38         0    2
      83        38        27         0    2
      84        28        29         0    2
      85        29        39         0    2
      86        39        28         0    2
      87        29        20         0    2
      88        20        30         0    2
      89        30        29         0    2
      90        30        31         0    2
      91        31        41         0    2
      92        41        30         0    2
      93        31        32         0    2
      94        32        42         0    2
      95        42        31         0    2
      96        32        33         0    2
      97        33        43         0    2
      98        43        32         0    2
      99        33        34         0    2
     100        34        44         0    3
     101        44        33         0    3
     102        34        35         0    3
     103        35        45         0    3
     104        45        34         0    3
     105        35        36         0    3
     106        36        46         0    3
     107        46        35         0    3
     108        36        37         0    3
     109        37        47         0    3
     110        47        36         0    3
     111        37        38         0    3
     112        38        48         0    3
     113        48        37         0    3
     114        38        39         0    3
     115        39        49         0    3
     116        49        38         0    3
     117        39        30         0    3
     118        30        40         0    3
     119        40        39         0    3
     120        40        41         0    3
     121        41        51         0    3
     122        51        40         0    3
     123        41        42         0    3
     124        42        52         0    3
     125        52        41         0    3
     126        42        43         0    3
     127        43        53         0    3
     128        53        42         0    3
     129        43        44         0    3
     130        44        54         0    3
     131        54        43         0    3
     132        44        45         0    3
     133        45        55         0    3
     134        55        44         0    3
     135        45        46         0    3
     136        46        56         0    3
     137        56        45         0    3
     138        46        47         0    3
     139        47        57         0    3
     140        57        46         0    3
     141        47        48         0    3
     142        48        58         0    3
     143        58        47         0    3
     144        48        49         0    3
     145        49        59         0    3
     146        59        48         0    3
     147        49        40         0    3
     148        40        50         0    3
     149        50        49         0    3
     150        50        51         0    3
     151        51        61         0    3
     152        61        50         0    3
     153        51        52         0    3
     154        52        62         0    3
     155        62        51         0    3
     156        52        53         0    3
     157        53        63         0    3
     158        63        52         0    3
     159        53        54         0    3
     160        54        64         0    3
     161        64        53         0    3
     162        54        55         0    3
     163        55        65         0    3
     164        65        54         0    3
     165        55        56         0    3
     166        56        66         0    3
     167        66        55         0    3
     168        56        57         0    3
     169        57        67         0    3
     170        67        56         0    3
     171        57        58         0    3
     172        58        68         0    3
     173        68        57         0    3
     174        58        59         0    3
     175        59        69         0    3
     176        69        58         0    3
     177        59        50         0    3
     178        50        60         0    3
     179        60        59         0    3
     180        60        61         0    3
     181        61        71         0    3
     182        71        60         0    3
     183        61        62         0    3
     184        62        72         0    3
     185        72        61         0    3
     186        62        63         0    3
     187        63        73         0    3
     188        73        62         0    3
     189        63        64         0    3
     190        64        74         0    3
     191        74        63         0    3
     192        64        65         0    3
     193        65        75         0    3
     194        75        64         0    3
     195        65        66         0    3
     196        66        76         0    3
     197        76        65         0    3
     198        66        67         0    3
     199        67        77         0    3
     200        77        66         0    3
     201        67        68         0    2
     202        68        78         0    2
     203        78        67         0    2
     204        68        69         0    2
     205        69        79         0    2
     206        79        68         0    2
     207        69        60         0    2
     208        60        70         0    2
     209        70        69         0    2
     210        70        71         0    2
     211        71        81         0    2
     212        81        70         0    2
     213        71        72         0    2
     214        72        82         0    2
     215        82        71         0    2
     216        72        73         0    2
     217        73        83         0    2
     218        83        72         0    2
     219        73        74         0    2
     220        74        84         0    2
     221        84        73         0    2
     222        74        75         0    2
     223        75        85         0    2
     224        85        74         0    2
     225        75        76         0    2
     226        76        86         0    2
     227        86        75         0    2
     228        76        77         0    2
     229        77        87         0    2
     230        87        76         0    2
     231        77        78         0    2
     232        78        88         0    2
     233        88        77         0    2
     234        78        79         0    2
     235        79        89         0    2
     236        89        78         0    2
     237        79        70         0    2
     238        70        80         0    2
     239        80        79         0    2
     240        80        81         0    2
     241        81        91         0    2
     242        91        80         0    2
     243        81        82         0    2
     244        82        92         0    2
     245        92        81         0    2
     246        82        83         0    2
     247        83        93         0    2
     248        93        82         0    2
     249        83        84         0    2
     250        84        94         0    8
     251        94        83         0    8
     252        84        85         0    8
     253        85        95         0    8
     254        95        84         0    8
     255        85        86         0    8
     256        86        96         0    8
     257        96        85         0    8
     258        86        87         0    8
     259        87        97         0    8
     260        97        86         0    8
     261        87        88         0    8
     262        88        98         0    8
     263        98        87         0    8
     264        88        89         0    8
     265        89        99         0    8
     266        99        88         0    8
     267        89        80         0    8
     268        80        90         0    8
     269        90        89         0    8
     270        90        91         0    8
     271        91       101         0    8
     272       101        90         0    8
     273        91        92         0    8
     274        92       102         0    8
     275       102        91         0    8
     276        92        93         0    8
     277        93       103         0    8
     278       103        92         0    8
     279        93        94         0    8
     280        94       104         0    8
     281       104        93         0    8
     282        94        95         0    8
     283        95       105         0    8
     284       105        94         0    8
     285        95        96         0    8
     286        96       106         0    8
     287       106        95         0    8
     288        96        97         0    8
     289        97       107         0    8
     290       107        96         0    8
     291        97        98         0    8
     292        98       108         0    8
     293       108        97         0    8
     294        98        99         0    8
     295        99       109         0    8
     296       109        98         0    8
     297        99        90         0    8
     298        90       100         0    8
     299       100        99         0    8
     300       100       101         0    8
     301       101       111         0    8
     302       111       100         0    8
     303       101       102         0    8
     304       102       112         0    8
     305       112       101         0    8
     306       102       103         0    8
     307       103       113         0    8
     308       113       102         0    8
     309       103       104         0    8
     310       104       114         0    8
     311       114       103         0    8
     312       104       105         0    8
     313       105       115         0    8
     314       115       104         0    8
     315       105       106         0    8
     316       106       116         0    8
     317       116       105         0    8
     318       106       107         0    8
     319       107       117         0    8
     320       117       106         0    8
     321       107       108         0    8
     322       108       118         0    8
     323       118       107         0    8
     324       108       109         0    8
     325       109       119         0    8
     326       119       108         0    8
     327       109       100         0    8
     328       100       110         0    8
     329       110       109         0    8
     330       110       111         0    8
     331       111       121         0    8
     332       121       110         0    8
     333       111       112         0    8
     334       112       122         0    8
     335       122       111         0    8
     336       112       113         0    8
     337       113       123         0    8
     338       123       112         0    8
     339       113       114         0    8
     340       114       124         0    8
     341       124       113         0    8
     342       114       115         0    8
     343       115       125         0    8
     344       125       114         0    8
     345       115       116         0    8
     346       116       126         0    8
     347       126       115         0    8
     348       116       117         0    8
     349       117       127         0    8
     350       127       116         0    8
     351       117       118         0    8
     352       118       128         0    8
     353       128       117         0    8
     354       118       119         0    8
     355       119       129         0    8
     356       129       118         0    8
     357       119       110         0    8
     358       110       120         0    8
     359       120       119         0    8
     360       120       121         0    8
     361       121       131         0    8
     362       131       120         0    8
     363       121       122         0    8
     364       122       132         0    8
     365       132       121         0    8
     366       122       123         0    8
     367       123       133         0    8
     368       133       122         0    8
     369       123       124         0    8
     370       124       134         0    8
     371       134       123         0    8
     372       124       125         0    8
     373       125       135         0    8
     374       135       124         0    8
     375       125       126         0    8
     376       126       136         0    8
     377       136       125         0    8
     378       126       127         0    8
     379       127       137         0    8
     380       137       126         0    8
     381       127       128         0    8
     382       128       138         0    8
     383       138       127         0    8
     384       128       129         0    8
     385       129       139         0    8
     386       139       128         0    8
     387       129       120         0    8
     388       120       130         0    8
     389       130       129         0    8
     390       130       131         0    8
     391       131       141         0    8
     392       141       130         0    8
     393       131       132         0    8
     394       132       142         0    8
     395       142       131         0    8
     396       132       133         0    8
     397       133       143         0    8
     398       143       132         0    8
     399       133       134         0    8
     400       134       144         0    8
     401       144       133         0    9
     402       134       135         0    9
     403       135       145         0    9
     404       145       134         0    9
     405       135       136         0    9
     406       136       146         0    9
     407       146       135         0    9
     408       136       137         0    9
     409       137       147         0    9
     410       147       136         0    9
     411       137       138         0    9
     412       138       148         0    9
     413       148       137         0    9
     414       138       139         0    9
     415       139       149         0    9
     416       149       138         0    9
     417       139       130         0    9
     418       130       140         0    9
     419       140       139         0    9
     420       140       141         0    9
     421       141       151         0    9
     422       151       140         0    9
     423       141       142         0    9
     424       142       152         0    9
     425       152       141         0    9
     426       142       143         0    9
     427       143       153         0    9
     428       153       142         0    9
     429       143       144         0    9
     430       144       154         0    9
     431       154       143         0    9
     432       144       145         0    9
     433       145       155         0    9
     434       155       144         0    9
     435       145       146         0    9
     436       146       156         0    9
     437       156       145         0    9
     438       146       147         0    9
     439       147       157         0    9
     440       157       146         0    9
     441       147       148         0    9
     442       148       158         0    9
     443       158       147         0    9
     444       148       149         0    9
     445       149       159         0    9
     446       159       148         0    9
     447       149       140         0    9
     448       140       150         0    9
     449       150       149         0    9
     450       150       151         0    9
     451       151       161         0    9
     452       161       150         0    9
     453       151       152         0    9
     454       152       162         0    9
     455       162       151         0    9
     456       152       153         0    9
     457       153       163         0    9
     458       163       152         0    9
     459       153       154         0    9
     460       154       164         0    9
     461       164       153         0    9
     462       154       155         0    9
     463       155       165         0    9
     464       165       154         0    9
     465       155       156         0    9
     466       156       166         0    9
     467       166       155         0    9
     468       156       157         0    9
     469       157       167         0    9
     470       167       156         0    9
     471       157       158         0    9
     472       158       168         0    9
     473       168       157         0    9
     474       158       159         0    9
     475       159       169         0    9
     476       169       158         0    9
     477       159       150         0    9
     478       150       160         0    9
     479       160       159         0    9
     480       160       161         0    9
     481       161       171         0    9
     482       171       160         0    9
     483       161       162         0    9
     484       162       172         0    9
     485       172       161         0    9
     486       162       163         0    9
     487       163       173         0    9
     488       173       162         0    9
     489       163       164         0    9
     490       164       174         0    9
     491       174       163         0    9
     492       164       165         0    9
     493       165       175         0    9
     494       175       164         0    9
     495       165       166         0    9
     496       166       176         0    9
     497       176       165         0    9
     498       166       167         0    9
     499       167       177         0    9
     500       177       166         0    9
     501       167       168         0    9
     502       168       178         0    9
     503       178       167         0    9
     504       168       169         0    9
     505       169       179         0    9
     506       179       168         0    9
     507       169       160         0    9
     508       160       170         0    9
     509       170       169         0    9
     510       170       171         0    9
     511       171       181         0    9
     512       181       170         0    9
     513       171       172         0    9
     514       172       182         0    9
     515       182       171         0    9
     516       172       173         0    9
     517       173       183         0    9
     518       183       172         0    9
     519       173       174         0    9
     520       174       184         0    9
     521       184       173         0    9
     522       174       175         0    9
     523       175       185         0    9
     524       185       174         0    9
     525       175       176         0    9
     526       176       186         0    9
     527       186       175         0    9
     528       176       177         0    9
     529       177       187         0    9
     530       187       176         0    9
     531       177       178         0    9
     532       178       188         0    9
     533       188       177         0    9
     534       178       179         0    9
     535       179       189         0    9
     536       189       178         0    9
     537       179       170         0    9
     538       170       180         0    9
     539       180       179         0    9
     540       180       181         0    9
     541       181       191         0    9
     542       191       180         0    9
     543       181       182         0    9
     544       182       192         0    9
     545       192       181         0    9
     546       182       183         0    9
     547       183       193         0    9
     548       193       182         0    9
     549       183       184         0    9
     550       184       194         0    9
     551       194       183         0    9
     552       184       185         0    9
     553       185       195         0    9
     554       195       184         0    9
     555       185       186         0    9
     556       186       196         0    9
     557       196       185         0    9
     558       186       187         0    9
     559       187       197         0    9
     560       197       186         0    9
     561       187       188         0    9
     562       188       198         0    9
     563       198       187         0    9
     564       188       189         0    9
     565       189       199         0    9
     566       199       188         0    9
     567       189       180         0    9
     568       180       190         0    9
     569       190       189         0    9
     570       190       191         0    9
     571       191       201         0    9
     572       201       190         0    9
     573       191       192         0    9
     574       192       202         0    9
     575       202       191         0    9
     576       192       193         0    9
     577       193       203         0    9
     578       203       192         0    9
     579       193       194         0    9
     580       194       204         0    9
     581       204       193         0    9
     582       194       195         0    9
     583       195       205         0    9
     584       205       194         0    9
     585       195       196         0    9
     586       196       206         0    9
     587       206       195         0    9
     588       196       197         0    9
     589       197       207         0    9
     590       207       196         0    9
     591       197       198         0    9
     592       198       208         0    9
     593       208       197         0    9
     594       198       199         0    9
     595       199       209         0    9
     596       209       198         0    9
     597       199       190         0    9
     598       190       200         0    9
     599       200       199         0    9
     600       200       201         0    9
     601       201       202         0    9
     602       202       203         0    9
     603       203       204         0    9
     604       204       205         0    9
     605       205       206         0    9
     606       206       207         0    9
     607       207       208         0    9
     608       208       209         0    9
     609       209       200         0    9
     610       200       210         0    9
     611       201       210         0    9
     612       202       210         0    9
     613       203       210         0    9
     614       204       210         0    9
     615       205       210         0    9
     616       206       210         0    9
     617       207       210         0    9
     618       208       210         0    9
     619       209       210         0    9
node no., coordinates
0  10.0  0.0  0.0
1  8.09017  5.87785  0
2  3.09017  9.51056  0
3  -3.09017  9.51056  0
4  -8.09017  5.87785  0
5  -10  -8.74228e-07  0
6  -8.09017  -5.87785  0
7  -3.09017  -9.51056  0
8  3.09017  -9.51056  0
9  8.09017  -5.87785  0

10  9.96892  0  0.786654
11  8.06503  5.85958  0.786654
12  3.08057  9.48101  0.786654
13  -3.08057  9.48101  0.786654
14  -8.06503  5.85958  0.786654
15  -9.96892  -8.71511e-07  0.786654
16  -8.06503  -5.85958  0.786654
17  -3.08057  -9.48101  0.786654
18  3.08057  -9.48101  0.786654
19  8.06503  -5.85958  0.786654

20  9.87677  0  1.56475
21  7.99047  5.80542  1.56475
22  3.05209  9.39337  1.56475
23  -3.05209  9.39337  1.56475
24  -7.99048  5.80542  1.56475
25  -9.87677  -8.63455e-07  1.56475
26  -7.99047  -5.80542  1.56475
27  -3.05209  -9.39337  1.56475
28  3.05209  -9.39337  1.56475
29  7.99048  -5.80542  1.56475

30  9.72366  0  2.33383
31  7.86661  5.71542  2.33383
32  3.00478  9.24775  2.33383
33  -3.00478  9.24775  2.33383
34  -7.86661  5.71542  2.33383
35  -9.72366  -8.50069e-07  2.33383
36  -7.86661  -5.71543  2.33383
37  -3.00478  -9.24775  2.33383
38  3.00478  -9.24775  2.33383
39  7.86661  -5.71542  2.33383

40  9.51054  0  3.08978
41  7.69419  5.59016  3.08978
42  2.93892  9.04506  3.08978
43  -2.93892  9.04506  3.08978
44  -7.69419  5.59015  3.08978
45  -9.51054  -8.31438e-07  3.08978
46  -7.69419  -5.59016  3.08978
47  -2.93892  -9.04506  3.08978
48  2.93892  -9.04506  3.08978
49  7.69419  -5.59015  3.08978

50  9.23875  0  3.82677
51  7.47431  5.4304  3.82677
52  2.85493  8.78657  3.82677
53  -2.85493  8.78657  3.82677
54  -7.47431  5.4304  3.82677
55  -9.23875  -8.07677e-07  3.82677
56  -7.47431  -5.4304  3.82677
57  -2.85493  -8.78657  3.82677
58  2.85493  -8.78657  3.82677
59  7.47431  -5.4304  3.82677

60  8.90995  0  4.53989
61  7.2083  5.23714  4.53989
62  2.75333  8.47387  4.53989
63  -2.75333  8.47387  4.53989
64  -7.2083  5.23714  4.53989
65  -8.90995  -7.78933e-07  4.53989
66  -7.2083  -5.23714  4.53989
67  -2.75333  -8.47387  4.53989
68  2.75333  -8.47387  4.53989
69  7.2083  -5.23713  4.53989

70  8.52602  0  5.22501
71  6.8977  5.01147  5.22501
72  2.63468  8.10873  5.22501
73  -2.63469  8.10873  5.22501
74  -6.8977  5.01147  5.22501
75  -8.52602  -7.45368e-07  5.22501
76  -6.89769  -5.01147  5.22501
77  -2.63469  -8.10873  5.22501
78  2.63469  -8.10873  5.22501
79  6.8977  -5.01147  5.22501

80  8.08947  0  5.87797
81  6.54452  4.75487  5.87797
82  2.49978  7.69354  5.87797
83  -2.49978  7.69354  5.87797
84  -6.54452  4.75487  5.87797
85  -8.08947  -7.07204e-07  5.87797
86  -6.54452  -4.75487  5.87797
87  -2.49978  -7.69354  5.87797
88  2.49978  -7.69354  5.87797
89  6.54452  -4.75487  5.87797

90  7.6037  0  6.49459
91  6.15152  4.46934  6.49459
92  2.34967  7.23155  6.49459
93  -2.34967  7.23155  6.49459
94  -6.15152  4.46934  6.49459
95  -7.6037  -6.64737e-07  6.49459
96  -6.15152  -4.46934  6.49459
97  -2.34967  -7.23155  6.49459
98  2.34967  -7.23155  6.49459
99  6.15152  -4.46934  6.49459

100  7.07167  0  7.07089
101  5.7211  4.15662  7.07089
102  2.18527  6.72556  7.07089
103  -2.18527  6.72556  7.07089
104  -5.7211  4.15662  7.07089
105  -7.07167  -6.18225e-07  7.07089
106  -5.7211  -4.15662  7.07089
107  -2.18527  -6.72556  7.07089
108  2.18527  -6.72556  7.07089
109  5.7211  -4.15662  7.07089

110  6.49481  0  7.60363
111  5.25441  3.81755  7.60363
112  2.00701  6.17693  7.60363
113  -2.00701  6.17693  7.60363
114  -5.25441  3.81755  7.60363
115  -6.49481  -5.67794e-07  7.60363
116  -5.25441  -3.81755  7.60363
117  -2.00701  -6.17693  7.60363
118  2.00701  -6.17693  7.60363
119  5.25441  -3.81755  7.60363

120  5.8755  0  8.0897
121  4.75338  3.45353  8.0897
122  1.81563  5.58793  8.0897
123  -1.81563  5.58793  8.0897
124  -4.75338  3.45353  8.0897
125  -5.8755  -5.13653e-07  8.0897
126  -4.75338  -3.45353  8.0897
127  -1.81563  -5.58793  8.0897
128  1.81563  -5.58793  8.0897
129  4.75338  -3.45353  8.0897

130  5.22292  0  8.52609
131  4.22543  3.06996  8.52609
132  1.61397  4.96729  8.52609
133  -1.61397  4.96729  8.52609
134  -4.22543  3.06996  8.52609
135  -5.22292  -4.56602e-07  8.52609
136  -4.22543  -3.06996  8.52609
137  -1.61397  -4.96729  8.52609
138  1.61397  -4.96729  8.52609
139  4.22543  -3.06995  8.52609

140  4.54692  0  8.90989
141  3.67854  2.67261  8.90989
142  1.40508  4.32438  8.90989
143  -1.40508  4.32438  8.90989
144  -3.67854  2.67261  8.90989
145  -4.54692  -3.97504e-07  8.90989
146  -3.67854  -2.67261  8.90989
147  -1.40508  -4.32438  8.90989
148  1.40508  -4.32438  8.90989
149  3.67854  -2.67261  8.90989

150  3.83728  0  9.23872
151  3.10442  2.2555  9.23872
152  1.18578  3.64947  9.23872
153  -1.18578  3.64947  9.23872
154  -3.10442  2.2555  9.23872
155  -3.83728  -3.35466e-07  9.23872
156  -3.10442  -2.2555  9.23872
157  -1.18579  -3.64947  9.23872
158  1.18579  -3.64947  9.23872
159  3.10443  -2.2555  9.23872

160  3.07279  0  9.51055
161  2.48594  1.80614  9.51055
162  0.949544  2.9224  9.51055
163  -0.949544  2.9224  9.51055
164  -2.48594  1.80614  9.51055
165  -3.07279  -2.68632e-07  9.51055
166  -2.48594  -1.80614  9.51055
167  -0.949545  -2.9224  9.51055
168  0.949545  -2.9224  9.51055
169  2.48594  -1.80614  9.51055

170  2.29048  0  9.72367
171  1.85304  1.34631  9.72367
172  0.707797  2.17838  9.72367
173  -0.707797  2.17838  9.72367
174  -1.85304  1.34631  9.72367
175  -2.29048  -2.0024e-07  9.72367
176  -1.85304  -1.34631  9.72367
177  -0.707797  -2.17838  9.72367
178  0.707798  -2.17838  9.72367
179  1.85304  -1.34631  9.72367

180  1.59481  0  9.87677
181  1.29023  0.937406  9.87677
182  0.492823  1.51675  9.87677
183  -0.492823  1.51675  9.87677
184  -1.29023  0.937406  9.87677
185  -1.59481  -1.39423e-07  9.87677
186  -1.29023  -0.937406  9.87677
187  -0.492824  -1.51675  9.87677
188  0.492824  -1.51675  9.87677
189  1.29023  -0.937405  9.87677

190  1.06182  0  9.96891
191  0.85903  0.624122  9.96891
192  0.32812  1.00985  9.96891
193  -0.32812  1.00985  9.96891
194  -0.85903  0.624122  9.96891
195  -1.06182  -9.28273e-08  9.96891
196  -0.85903  -0.624122  9.96891
197  -0.328121  -1.00985  9.96891
198  0.328121  -1.00985  9.96891
199  0.859031  -0.624122  9.96891

200  0.7  0  10
201  0.566312  0.41145  10
202  0.216312  0.66574  10
203  -0.216312  0.66574  10
204  -0.566312  0.41145  10
205  -0.7  -6.11959e-08  10
206  -0.566312  -0.41145  10
207  -0.216312  -0.66574  10
208  0.216312  -0.66574  10
209  0.566312  -0.411449  10
210  0.0     0.0     9.8
prescribed displacement x: node  disp value
0  0.0
1  0.0
2  0.0
3  0.0
4  0.0
5  0.0
6  0.0
7  0.0
8  0.0
9  0.0
10  0.0
11  0.0
12  0.0
13  0.0
14  0.0
15  0.0
16  0.0
17  0.0
18  0.0
19  0.0
 -10
prescribed displacement y: node  disp value
0  0.0
1  0.0
2  0.0
3  0.0
4  0.0
5  0.0
6  0.0
7  0.0
8  0.0
9  0.0
10  0.0
11  0.0
12  0.0
13  0.0
14  0.0
15  0.0
16  0.0
17  0.0
18  0.0
19  0.0
 -10
prescribed displacement z: node  disp value
0  0.0
1  0.0
2  0.0
3  0.0
4  0.0
5  0.0
6  0.0
7  0.0
8  0.0
9  0.0
10  0.0
11  0.0
12  0.0
13  0.0
14  0.0
15  0.0
16  0.0
17  0.0
18  0.0
19  0.0
 -10
prescribed angle phi x: node angle value
0  0.0
1  0.0
2  0.0
3  0.0
4  0.0
5  0.0
6  0.0
7  0.0
8  0.0
9  0.0
10  0.0
11  0.0
12  0.0
13  0.0
14  0.0
15  0.0
16  0.0
17  0.0
18  0.0
19  0.0
 -10
prescribed angle phi y: node angle value
0  0.0
1  0.0
2  0.0
3  0.0
4  0.0
5  0.0
6  0.0
7  0.0
8  0.0
9  0.0
10  0.0
11  0.0
12  0.0
13  0.0
14  0.0
15  0.0
16  0.0
17  0.0
18  0.0
19  0.0
 -10
prescribed angle phi z: node angle value
0  0.0
1  0.0
2  0.0
3  0.0
4  0.0
5  0.0
6  0.0
7  0.0
8  0.0
9  0.0
10  0.0
11  0.0
12  0.0
13  0.0
14  0.0
15  0.0
16  0.0
17  0.0
18  0.0
19  0.0
 -10
node with point load and load vector in x,y,z
100   0.0  0.0  -100.0  0.0  0.0  0.0
101   0.0  0.0  -100.0  0.0  0.0  0.0
102   0.0  0.0  -100.0  0.0  0.0  0.0
103   0.0  0.0  -100.0  0.0  0.0  0.0
104   0.0  0.0  -100.0  0.0  0.0  0.0
105   0.0  0.0  -100.0  0.0  0.0  0.0
106   0.0  0.0  -100.0  0.0  0.0  0.0
107   0.0  0.0  -100.0  0.0  0.0  0.0
108   0.0  0.0  -100.0  0.0  0.0  0.0
109   0.0  0.0  -100.0  0.0  0.0  0.0
 -10
 element with distributed load in local beam y and z coordinates
 -10
element no. and gauss pt. no. with stress and stress vector in xx,yy,zz,yz,zx,xy
 -10


This mesh was singular until I added elements 610-619 and node 210.  I also had
to place node 210 at (0.0, 0.0, 9.8) because if it were at (0.0, 0.0, 10.0) then
all the elements:

     610       200       210         0
     611       201       210         0
     612       202       210         0
     613       203       210         0
     614       204       210         0
     615       205       210         0
     616       206       210         0
     617       207       210         0
     618       208       210         0
     619       209       210         0

would be on the same plane.  Even putting 210 at an elevation of (0.0, 0.0, 10.1) would
not be enough.  Note that the mesh tsbubble does not have to be modified like this.
