   numel numnp nmat nmode  This is the cylindrical comb mesh
    1012  700    1    0
matl no., E mod, Poiss. Ratio, density, Area, Iy, Iz
0   30000000.0000    0.0000 3210.0000    2.0000    1.0000    1.000
 el no., connectivity, matl no. 
   0    0   20    0       2
   1    1   21    0       2
   2    2   22    0       2
   3    3   23    0       2
   4    4   24    0       2
   5    5   25    0       2
   6    6   26    0       2
   7    7   27    0       2
   8    8   28    0       2
   9    9   29    0       2
  10   10   30    0       2
  11   11   31    0       2
  12   12   32    0       2
  13   13   33    0       2
  14   14   34    0       2
  15   15   35    0       2
  16   16   36    0       2
  17   17   37    0       2
  18   18   38    0       2
  19   19   39    0       2
  20    1    2    0       2
  21    3    4    0       2
  22    5    6    0       2
  23    7    8    0       2
  24    9   10    0       2
  25   11   12    0       2
  26   13   14    0       2
  27   15   16    0       2
  28   17   18    0       2
  29   20   21    0       2
  30   22   23    0       2
  31   24   25    0       2
  32   26   27    0       2
  33   28   29    0       2
  34   30   31    0       2
  35   32   33    0       2
  36   34   35    0       2
  37   36   37    0       2
  38   38   39    0       2
  39   20   40    0       2
  40   21   41    0       2
  41   22   42    0       2
  42   23   43    0       2
  43   24   44    0       2
  44   25   45    0       2
  45   26   46    0       2
  46   27   47    0       2
  47   28   48    0       2
  48   29   49    0       2
  49   30   50    0       2
  50   31   51    0       2
  51   32   52    0       2
  52   33   53    0       2
  53   34   54    0       2
  54   35   55    0       2
  55   36   56    0       2
  56   37   57    0       2
  57   38   58    0       2
  58   39   59    0       2
  59   40   60    0       2
  60   41   61    0       2
  61   42   62    0       2
  62   43   63    0       2
  63   44   64    0       2
  64   45   65    0       2
  65   46   66    0       2
  66   47   67    0       2
  67   48   68    0       2
  68   49   69    0       2
  69   50   70    0       2
  70   51   71    0       2
  71   52   72    0       2
  72   53   73    0       2
  73   54   74    0       2
  74   55   75    0       2
  75   56   76    0       2
  76   57   77    0       2
  77   58   78    0       2
  78   59   79    0       2
  79   41   42    0       2
  80   43   44    0       2
  81   45   46    0       2
  82   47   48    0       2
  83   49   50    0       2
  84   51   52    0       2
  85   53   54    0       2
  86   55   56    0       2
  87   57   58    0       2
  88   60   61    0       2
  89   62   63    0       2
  90   64   65    0       2
  91   66   67    0       2
  92   68   69    0       2
  93   70   71    0       2
  94   72   73    0       2
  95   74   75    0       2
  96   76   77    0       2
  97   78   79    0       2
  98   60   80    0       2
  99   61   81    0       2
 100   62   82    0       2
 101   63   83    0       2
 102   64   84    0       2
 103   65   85    0       2
 104   66   86    0       2
 105   67   87    0       2
 106   68   88    0       2
 107   69   89    0       2
 108   70   90    0       2
 109   71   91    0       2
 110   72   92    0       2
 111   73   93    0       2
 112   74   94    0       2
 113   75   95    0       2
 114   76   96    0       2
 115   77   97    0       2
 116   78   98    0       2
 117   79   99    0       2
 118   80  100    0       2
 119   81  101    0       2
 120   82  102    0       2
 121   83  103    0       2
 122   84  104    0       2
 123   85  105    0       2
 124   86  106    0       2
 125   87  107    0       2
 126   88  108    0       2
 127   89  109    0       2
 128   90  110    0       2
 129   91  111    0       2
 130   92  112    0       2
 131   93  113    0       2
 132   94  114    0       2
 133   95  115    0       2
 134   96  116    0       2
 135   97  117    0       2
 136   98  118    0       2
 137   99  119    0       2
 138   81   82    0       2
 139   83   84    0       2
 140   85   86    0       2
 141   87   88    0       2
 142   89   90    0       2
 143   91   92    0       2
 144   93   94    0       2
 145   95   96    0       2
 146   97   98    0       2
 147  100  101    0       2
 148  102  103    0       2
 149  104  105    0       2
 150  106  107    0       2
 151  108  109    0       2
 152  110  111    0       2
 153  112  113    0       2
 154  114  115    0       2
 155  116  117    0       2
 156  118  119    0       2
 157  100  120    0       2
 158  101  121    0       2
 159  102  122    0       2
 160  103  123    0       2
 161  104  124    0       2
 162  105  125    0       2
 163  106  126    0       2
 164  107  127    0       2
 165  108  128    0       2
 166  109  129    0       2
 167  110  130    0       2
 168  111  131    0       2
 169  112  132    0       2
 170  113  133    0       2
 171  114  134    0       2
 172  115  135    0       2
 173  116  136    0       2
 174  117  137    0       2
 175  118  138    0       2
 176  119  139    0       2
 177  120  140    0       2
 178  121  141    0       2
 179  122  142    0       2
 180  123  143    0       2
 181  124  144    0       2
 182  125  145    0       2
 183  126  146    0       2
 184  127  147    0       2
 185  128  148    0       2
 186  129  149    0       2
 187  130  150    0       2
 188  131  151    0       2
 189  132  152    0       2
 190  133  153    0       2
 191  134  154    0       2
 192  135  155    0       2
 193  136  156    0       2
 194  137  157    0       2
 195  138  158    0       2
 196  139  159    0       2
 197  121  122    0       2
 198  123  124    0       2
 199  125  126    0       2
 200  127  128    0       2
 201  129  130    0       2
 202  131  132    0       2
 203  133  134    0       2
 204  135  136    0       2
 205  137  138    0       2
 206  140  141    0       2
 207  142  143    0       2
 208  144  145    0       2
 209  146  147    0       2
 210  148  149    0       2
 211  150  151    0       2
 212  152  153    0       2
 213  154  155    0       2
 214  156  157    0       2
 215  158  159    0       2
 216  140  160    0       2
 217  141  161    0       2
 218  142  162    0       2
 219  143  163    0       2
 220  144  164    0       2
 221  145  165    0       2
 222  146  166    0       2
 223  147  167    0       2
 224  148  168    0       2
 225  149  169    0       2
 226  150  170    0       2
 227  151  171    0       2
 228  152  172    0       2
 229  153  173    0       2
 230  154  174    0       2
 231  155  175    0       2
 232  156  176    0       2
 233  157  177    0       2
 234  158  178    0       2
 235  159  179    0       2
 236  160  180    0       2
 237  161  181    0       2
 238  162  182    0       2
 239  163  183    0       2
 240  164  184    0       2
 241  165  185    0       2
 242  166  186    0       2
 243  167  187    0       2
 244  168  188    0       2
 245  169  189    0       2
 246  170  190    0       2
 247  171  191    0       2
 248  172  192    0       2
 249  173  193    0       2
 250  174  194    0       2
 251  175  195    0       2
 252  176  196    0       2
 253  177  197    0       2
 254  178  198    0       2
 255  179  199    0       2
 256  161  162    0       2
 257  163  164    0       2
 258  165  166    0       2
 259  167  168    0       2
 260  169  170    0       2
 261  171  172    0       2
 262  173  174    0       2
 263  175  176    0       2
 264  177  178    0       2
 265  180  181    0       2
 266  182  183    0       2
 267  184  185    0       2
 268  186  187    0       2
 269  188  189    0       2
 270  190  191    0       2
 271  192  193    0       2
 272  194  195    0       2
 273  196  197    0       2
 274  198  199    0       2
 275  180  200    0       2
 276  181  201    0       2
 277  182  202    0       2
 278  183  203    0       2
 279  184  204    0       2
 280  185  205    0       2
 281  186  206    0       2
 282  187  207    0       2
 283  188  208    0       2
 284  189  209    0       2
 285  190  210    0       2
 286  191  211    0       2
 287  192  212    0       2
 288  193  213    0       2
 289  194  214    0       2
 290  195  215    0       2
 291  196  216    0       2
 292  197  217    0       2
 293  198  218    0       2
 294  199  219    0       2
 295  200  220    0       2
 296  201  221    0       2
 297  202  222    0       2
 298  203  223    0       2
 299  204  224    0       2
 300  205  225    0       2
 301  206  226    0       2
 302  207  227    0       2
 303  208  228    0       2
 304  209  229    0       2
 305  210  230    0       2
 306  211  231    0       2
 307  212  232    0       2
 308  213  233    0       2
 309  214  234    0       2
 310  215  235    0       2
 311  216  236    0       2
 312  217  237    0       2
 313  218  238    0       2
 314  219  239    0       2
 315  201  202    0       2
 316  203  204    0       2
 317  205  206    0       2
 318  207  208    0       2
 319  209  210    0       2
 320  211  212    0       2
 321  213  214    0       2
 322  215  216    0       2
 323  217  218    0       2
 324  220  221    0       2
 325  222  223    0       2
 326  224  225    0       2
 327  226  227    0       2
 328  228  229    0       2
 329  230  231    0       2
 330  232  233    0       2
 331  234  235    0       2
 332  236  237    0       2
 333  238  239    0       2
 334  220  240    0       2
 335  221  241    0       2
 336  222  242    0       2
 337  223  243    0       2
 338  224  244    0       2
 339  225  245    0       2
 340  226  246    0       2
 341  227  247    0       2
 342  228  248    0       2
 343  229  249    0       2
 344  230  250    0       2
 345  231  251    0       2
 346  232  252    0       2
 347  233  253    0       2
 348  234  254    0       2
 349  235  255    0       2
 350  236  256    0       2
 351  237  257    0       2
 352  238  258    0       2
 353  239  259    0       2
 354  240  260    0       2
 355  241  261    0       2
 356  242  262    0       2
 357  243  263    0       2
 358  244  264    0       2
 359  245  265    0       2
 360  246  266    0       2
 361  247  267    0       2
 362  248  268    0       2
 363  249  269    0       2
 364  250  270    0       2
 365  251  271    0       2
 366  252  272    0       2
 367  253  273    0       2
 368  254  274    0       2
 369  255  275    0       2
 370  256  276    0       2
 371  257  277    0       2
 372  258  278    0       2
 373  259  279    0       2
 374  241  242    0       2
 375  243  244    0       2
 376  245  246    0       2
 377  247  248    0       2
 378  249  250    0       2
 379  251  252    0       2
 380  253  254    0       2
 381  255  256    0       2
 382  257  258    0       2
 383  260  261    0       2
 384  262  263    0       2
 385  264  265    0       2
 386  266  267    0       2
 387  268  269    0       2
 388  270  271    0       2
 389  272  273    0       2
 390  274  275    0       2
 391  276  277    0       2
 392  278  279    0       2
 393  260  280    0       2
 394  261  281    0       2
 395  262  282    0       2
 396  263  283    0       2
 397  264  284    0       2
 398  265  285    0       2
 399  266  286    0       2
 400  267  287    0       2
 401  268  288    0       2
 402  269  289    0       2
 403  270  290    0       2
 404  271  291    0       2
 405  272  292    0       2
 406  273  293    0       2
 407  274  294    0       2
 408  275  295    0       2
 409  276  296    0       2
 410  277  297    0       2
 411  278  298    0       2
 412  279  299    0       2
 413  280  300    0       2
 414  281  301    0       2
 415  282  302    0       2
 416  283  303    0       2
 417  284  304    0       2
 418  285  305    0       2
 419  286  306    0       2
 420  287  307    0       2
 421  288  308    0       2
 422  289  309    0       2
 423  290  310    0       2
 424  291  311    0       2
 425  292  312    0       2
 426  293  313    0       2
 427  294  314    0       2
 428  295  315    0       2
 429  296  316    0       2
 430  297  317    0       2
 431  298  318    0       2
 432  299  319    0       2
 433  281  282    0       2
 434  283  284    0       2
 435  285  286    0       2
 436  287  288    0       2
 437  289  290    0       2
 438  291  292    0       2
 439  293  294    0       2
 440  295  296    0       2
 441  297  298    0       2
 442  300  301    0       2
 443  302  303    0       2
 444  304  305    0       2
 445  306  307    0       2
 446  308  309    0       2
 447  310  311    0       2
 448  312  313    0       2
 449  314  315    0       2
 450  316  317    0       2
 451  318  319    0       2
 452  300  320    0       2
 453  301  321    0       2
 454  302  322    0       2
 455  303  323    0       2
 456  304  324    0       2
 457  305  325    0       2
 458  306  326    0       2
 459  307  327    0       2
 460  308  328    0       2
 461  309  329    0       2
 462  310  330    0       2
 463  311  331    0       2
 464  312  332    0       2
 465  313  333    0       2
 466  314  334    0       2
 467  315  335    0       2
 468  316  336    0       2
 469  317  337    0       2
 470  318  338    0       2
 471  319  339    0       2
 472  320  340    0       2
 473  321  341    0       2
 474  322  342    0       2
 475  323  343    0       2
 476  324  344    0       2
 477  325  345    0       2
 478  326  346    0       2
 479  327  347    0       2
 480  328  348    0       2
 481  329  349    0       2
 482  330  350    0       2
 483  331  351    0       2
 484  332  352    0       2
 485  333  353    0       2
 486  334  354    0       2
 487  335  355    0       2
 488  336  356    0       2
 489  337  357    0       2
 490  338  358    0       2
 491  339  359    0       2
 492  321  322    0       2
 493  323  324    0       2
 494  325  326    0       2
 495  327  328    0       2
 496  329  330    0       2
 497  331  332    0       2
 498  333  334    0       2
 499  335  336    0       2
 500  337  338    0       2
 501  340  341    0       2
 502  342  343    0       2
 503  344  345    0       2
 504  346  347    0       2
 505  348  349    0       2
 506  350  351    0       2
 507  352  353    0       2
 508  354  355    0       2
 509  356  357    0       2
 510  358  359    0       2
 511  340  360    0       2
 512  341  361    0       2
 513  342  362    0       2
 514  343  363    0       2
 515  344  364    0       2
 516  345  365    0       2
 517  346  366    0       2
 518  347  367    0       2
 519  348  368    0       2
 520  349  369    0       2
 521  350  370    0       2
 522  351  371    0       2
 523  352  372    0       2
 524  353  373    0       2
 525  354  374    0       2
 526  355  375    0       2
 527  356  376    0       2
 528  357  377    0       2
 529  358  378    0       2
 530  359  379    0       2
 531  360  380    0       2
 532  361  381    0       2
 533  362  382    0       2
 534  363  383    0       2
 535  364  384    0       2
 536  365  385    0       2
 537  366  386    0       2
 538  367  387    0       2
 539  368  388    0       2
 540  369  389    0       2
 541  370  390    0       2
 542  371  391    0       2
 543  372  392    0       2
 544  373  393    0       2
 545  374  394    0       2
 546  375  395    0       2
 547  376  396    0       2
 548  377  397    0       2
 549  378  398    0       2
 550  379  399    0       2
 551  361  362    0       2
 552  363  364    0       2
 553  365  366    0       2
 554  367  368    0       2
 555  369  370    0       2
 556  371  372    0       2
 557  373  374    0       2
 558  375  376    0       2
 559  377  378    0       2
 560  380  381    0       2
 561  382  383    0       2
 562  384  385    0       2
 563  386  387    0       2
 564  388  389    0       2
 565  390  391    0       2
 566  392  393    0       2
 567  394  395    0       2
 568  396  397    0       2
 569  398  399    0       2
 570  380  400    0       2
 571  381  401    0       2
 572  382  402    0       2
 573  383  403    0       2
 574  384  404    0       2
 575  385  405    0       2
 576  386  406    0       2
 577  387  407    0       2
 578  388  408    0       2
 579  389  409    0       2
 580  390  410    0       2
 581  391  411    0       2
 582  392  412    0       2
 583  393  413    0       2
 584  394  414    0       2
 585  395  415    0       2
 586  396  416    0       2
 587  397  417    0       2
 588  398  418    0       2
 589  399  419    0       2
 590  400  420    0       2
 591  401  421    0       2
 592  402  422    0       2
 593  403  423    0       2
 594  404  424    0       2
 595  405  425    0       2
 596  406  426    0       2
 597  407  427    0       2
 598  408  428    0       2
 599  409  429    0       2
 600  410  430    0       2
 601  411  431    0       2
 602  412  432    0       2
 603  413  433    0       2
 604  414  434    0       2
 605  415  435    0       2
 606  416  436    0       2
 607  417  437    0       2
 608  418  438    0       2
 609  419  439    0       2
 610  401  402    0       2
 611  403  404    0       2
 612  405  406    0       2
 613  407  408    0       2
 614  409  410    0       2
 615  411  412    0       2
 616  413  414    0       2
 617  415  416    0       2
 618  417  418    0       2
 619  420  421    0       2
 620  422  423    0       2
 621  424  425    0       2
 622  426  427    0       2
 623  428  429    0       2
 624  430  431    0       2
 625  432  433    0       2
 626  434  435    0       2
 627  436  437    0       2
 628  438  439    0       2
 629  420  440    0       2
 630  421  441    0       2
 631  422  442    0       2
 632  423  443    0       2
 633  424  444    0       2
 634  425  445    0       2
 635  426  446    0       2
 636  427  447    0       2
 637  428  448    0       2
 638  429  449    0       2
 639  430  450    0       2
 640  431  451    0       2
 641  432  452    0       2
 642  433  453    0       2
 643  434  454    0       2
 644  435  455    0       2
 645  436  456    0       2
 646  437  457    0       2
 647  438  458    0       2
 648  439  459    0       2
 649  440  460    0       2
 650  441  461    0       2
 651  442  462    0       2
 652  443  463    0       2
 653  444  464    0       2
 654  445  465    0       2
 655  446  466    0       2
 656  447  467    0       2
 657  448  468    0       2
 658  449  469    0       2
 659  450  470    0       2
 660  451  471    0       2
 661  452  472    0       2
 662  453  473    0       2
 663  454  474    0       2
 664  455  475    0       2
 665  456  476    0       2
 666  457  477    0       2
 667  458  478    0       2
 668  459  479    0       2
 669  441  442    0       2
 670  443  444    0       2
 671  445  446    0       2
 672  447  448    0       2
 673  449  450    0       2
 674  451  452    0       2
 675  453  454    0       2
 676  455  456    0       2
 677  457  458    0       2
 678  460  461    0       2
 679  462  463    0       2
 680  464  465    0       2
 681  466  467    0       2
 682  468  469    0       2
 683  470  471    0       2
 684  472  473    0       2
 685  474  475    0       2
 686  476  477    0       2
 687  478  479    0       2
 688  460  480    0       2
 689  461  481    0       2
 690  462  482    0       2
 691  463  483    0       2
 692  464  484    0       2
 693  465  485    0       2
 694  466  486    0       2
 695  467  487    0       2
 696  468  488    0       2
 697  469  489    0       2
 698  470  490    0       2
 699  471  491    0       2
 700  472  492    0       2
 701  473  493    0       2
 702  474  494    0       2
 703  475  495    0       2
 704  476  496    0       2
 705  477  497    0       2
 706  478  498    0       2
 707  479  499    0       2
 708  480  500    0       2
 709  481  501    0       2
 710  482  502    0       2
 711  483  503    0       2
 712  484  504    0       2
 713  485  505    0       2
 714  486  506    0       2
 715  487  507    0       2
 716  488  508    0       2
 717  489  509    0       2
 718  490  510    0       2
 719  491  511    0       2
 720  492  512    0       2
 721  493  513    0       2
 722  494  514    0       2
 723  495  515    0       2
 724  496  516    0       2
 725  497  517    0       2
 726  498  518    0       2
 727  499  519    0       2
 728  481  482    0       2
 729  483  484    0       2
 730  485  486    0       2
 731  487  488    0       2
 732  489  490    0       2
 733  491  492    0       2
 734  493  494    0       2
 735  495  496    0       2
 736  497  498    0       2
 737  500  501    0       2
 738  502  503    0       2
 739  504  505    0       2
 740  506  507    0       2
 741  508  509    0       2
 742  510  511    0       2
 743  512  513    0       2
 744  514  515    0       2
 745  516  517    0       2
 746  518  519    0       2
 747  500  520    0       2
 748  501  521    0       2
 749  502  522    0       2
 750  503  523    0       2
 751  504  524    0       2
 752  505  525    0       2
 753  506  526    0       2
 754  507  527    0       2
 755  508  528    0       2
 756  509  529    0       2
 757  510  530    0       2
 758  511  531    0       2
 759  512  532    0       2
 760  513  533    0       2
 761  514  534    0       2
 762  515  535    0       2
 763  516  536    0       2
 764  517  537    0       2
 765  518  538    0       2
 766  519  539    0       2
 767  520  540    0       2
 768  521  541    0       2
 769  522  542    0       2
 770  523  543    0       2
 771  524  544    0       2
 772  525  545    0       2
 773  526  546    0       2
 774  527  547    0       2
 775  528  548    0       2
 776  529  549    0       2
 777  530  550    0       2
 778  531  551    0       2
 779  532  552    0       2
 780  533  553    0       2
 781  534  554    0       2
 782  535  555    0       2
 783  536  556    0       2
 784  537  557    0       2
 785  538  558    0       2
 786  539  559    0       2
 787  521  522    0       2
 788  523  524    0       2
 789  525  526    0       2
 790  527  528    0       2
 791  529  530    0       2
 792  531  532    0       2
 793  533  534    0       2
 794  535  536    0       2
 795  537  538    0       2
 796  540  541    0       2
 797  542  543    0       2
 798  544  545    0       2
 799  546  547    0       2
 800  548  549    0       2
 801  550  551    0       2
 802  552  553    0       2
 803  554  555    0       2
 804  556  557    0       2
 805  558  559    0       2
 806  540  560    0       2
 807  541  561    0       2
 808  542  562    0       2
 809  543  563    0       2
 810  544  564    0       2
 811  545  565    0       2
 812  546  566    0       2
 813  547  567    0       2
 814  548  568    0       2
 815  549  569    0       2
 816  550  570    0       2
 817  551  571    0       2
 818  552  572    0       2
 819  553  573    0       2
 820  554  574    0       2
 821  555  575    0       2
 822  556  576    0       2
 823  557  577    0       2
 824  558  578    0       2
 825  559  579    0       2
 826  560  580    0       2
 827  561  581    0       2
 828  562  582    0       2
 829  563  583    0       2
 830  564  584    0       2
 831  565  585    0       2
 832  566  586    0       2
 833  567  587    0       2
 834  568  588    0       2
 835  569  589    0       2
 836  570  590    0       2
 837  571  591    0       2
 838  572  592    0       2
 839  573  593    0       2
 840  574  594    0       2
 841  575  595    0       2
 842  576  596    0       2
 843  577  597    0       2
 844  578  598    0       2
 845  579  599    0       2
 846  561  562    0       2
 847  563  564    0       2
 848  565  566    0       2
 849  567  568    0       2
 850  569  570    0       2
 851  571  572    0       2
 852  573  574    0       2
 853  575  576    0       2
 854  577  578    0       2
 855  580  581    0       2
 856  582  583    0       2
 857  584  585    0       2
 858  586  587    0       2
 859  588  589    0       2
 860  590  591    0       2
 861  592  593    0       2
 862  594  595    0       2
 863  596  597    0       2
 864  598  599    0       2
 865  580  600    0       2
 866  581  601    0       2
 867  582  602    0       2
 868  583  603    0       2
 869  584  604    0       2
 870  585  605    0       2
 871  586  606    0       2
 872  587  607    0       2
 873  588  608    0       2
 874  589  609    0       2
 875  590  610    0       2
 876  591  611    0       2
 877  592  612    0       2
 878  593  613    0       2
 879  594  614    0       2
 880  595  615    0       2
 881  596  616    0       2
 882  597  617    0       2
 883  598  618    0       2
 884  599  619    0       2
 885  600  620    0       2
 886  601  621    0       2
 887  602  622    0       2
 888  603  623    0       2
 889  604  624    0       2
 890  605  625    0       2
 891  606  626    0       2
 892  607  627    0       2
 893  608  628    0       2
 894  609  629    0       2
 895  610  630    0       2
 896  611  631    0       2
 897  612  632    0       2
 898  613  633    0       2
 899  614  634    0       2
 900  615  635    0       2
 901  616  636    0       2
 902  617  637    0       2
 903  618  638    0       2
 904  619  639    0       2
 905  601  602    0       2
 906  603  604    0       2
 907  605  606    0       2
 908  607  608    0       2
 909  609  610    0       2
 910  611  612    0       2
 911  613  614    0       2
 912  615  616    0       2
 913  617  618    0       2
 914  620  621    0       2
 915  622  623    0       2
 916  624  625    0       2
 917  626  627    0       2
 918  628  629    0       2
 919  630  631    0       2
 920  632  633    0       2
 921  634  635    0       2
 922  636  637    0       2
 923  638  639    0       2
 924  620  640    0       2
 925  621  641    0       2
 926  622  642    0       2
 927  623  643    0       2
 928  624  644    0       2
 929  625  645    0       2
 930  626  646    0       2
 931  627  647    0       2
 932  628  648    0       2
 933  629  649    0       2
 934  630  650    0       2
 935  631  651    0       2
 936  632  652    0       2
 937  633  653    0       2
 938  634  654    0       2
 939  635  655    0       2
 940  636  656    0       2
 941  637  657    0       2
 942  638  658    0       2
 943  639  659    0       2
 944  640  660    0       2
 945  641  661    0       2
 946  642  662    0       2
 947  643  663    0       2
 948  644  664    0       2
 949  645  665    0       2
 950  646  666    0       2
 951  647  667    0       2
 952  648  668    0       2
 953  649  669    0       2
 954  650  670    0       2
 955  651  671    0       2
 956  652  672    0       2
 957  653  673    0       2
 958  654  674    0       2
 959  655  675    0       2
 960  656  676    0       2
 961  657  677    0       2
 962  658  678    0       2
 963  659  679    0       2
 964  641  642    0       2
 965  643  644    0       2
 966  645  646    0       2
 967  647  648    0       2
 968  649  650    0       2
 969  651  652    0       2
 970  653  654    0       2
 971  655  656    0       2
 972  657  658    0       2
 973  660  661    0       2
 974  662  663    0       2
 975  664  665    0       2
 976  666  667    0       2
 977  668  669    0       2
 978  670  671    0       2
 979  672  673    0       2
 980  674  675    0       2
 981  676  677    0       2
 982  678  679    0       2
 983  660  680    0       2
 984  661  681    0       2
 985  662  682    0       2
 986  663  683    0       2
 987  664  684    0       2
 988  665  685    0       2
 989  666  686    0       2
 990  667  687    0       2
 991  668  688    0       2
 992  669  689    0       2
 993  670  690    0       2
 994  671  691    0       2
 995  672  692    0       2
 996  673  693    0       2
 997  674  694    0       2
 998  675  695    0       2
 999  676  696    0       2
1000  677  697    0       2
1001  678  698    0       2
1002  679  699    0       2
1003  681  682    0       2
1004  683  684    0       2
1005  685  686    0       2
1006  687  688    0       2
1007  689  690    0       2
1008  691  692    0       2
1009  693  694    0       2
1010  695  696    0       2
1011  697  698    0       2
node no., coordinates 
0    0.0000      0.0000    10.0000 
1    3.7820      0.0000     9.2572 
2    5.4951      0.0000     8.3549 
3    8.2468      0.0000     5.6561 
4    9.1822      0.0000     3.9608 
5    9.9981      0.0000     0.1939 
6    9.8481      0.0000    -1.7365 
7    8.4599      0.0000    -5.3320 
8    7.2737      0.0000    -6.8624 
9    4.1381      0.0000    -9.1036 
10    2.3062      0.0000    -9.7304 
11   -1.5452      0.0000    -9.8799 
12   -3.4202      0.0000    -9.3969 
13   -6.7201      0.0000    -7.4054 
14   -8.0212      0.0000    -5.9716 
15   -9.6839      0.0000    -2.4944 
16   -9.9831      0.0000    -0.5814 
17   -9.4615      0.0000     3.2373 
18   -8.6603      0.0000     5.0000 
19   -6.1260      0.0000     7.9039 
20    0.9681      1.6794     9.9530 
21    2.8680      1.6794     9.5799 
22    6.2781      1.6794     7.7836 
23    7.6604      1.6794     6.4279 
24    9.5225      1.6794     3.0533 
25    9.9324      1.6794     1.1609 
26    9.6337      1.6794    -2.6817 
27    8.9363      1.6794    -4.4880 
28    6.5752      1.6794    -7.5344 
29    5.0000      1.6794    -8.6603 
30    1.3533      1.6794    -9.9080 
31   -0.5814      1.6794    -9.9831 
32   -4.3139      1.6794    -9.0217 
33   -5.9716      1.6794    -8.0212 
34   -8.5617      1.6794    -5.1670 
35   -9.3969      1.6794    -3.4202 
36   -9.9925      1.6794     0.3878 
37   -9.7304      1.6794     2.3062 
38   -8.1355      1.6794     5.8149 
39   -6.8624      1.6794     7.2737 
40    0.0000      3.3589    10.0000 
41    3.7820      3.3589     9.2572 
42    5.4951      3.3589     8.3549 
43    8.2468      3.3589     5.6561 
44    9.1822      3.3589     3.9608 
45    9.9981      3.3589     0.1939 
46    9.8481      3.3589    -1.7365 
47    8.4599      3.3589    -5.3320 
48    7.2737      3.3589    -6.8624 
49    4.1381      3.3589    -9.1036 
50    2.3062      3.3589    -9.7304 
51   -1.5452      3.3589    -9.8799 
52   -3.4202      3.3589    -9.3969 
53   -6.7201      3.3589    -7.4054 
54   -8.0212      3.3589    -5.9716 
55   -9.6839      3.3589    -2.4944 
56   -9.9831      3.3589    -0.5814 
57   -9.4615      3.3589     3.2373 
58   -8.6603      3.3589     5.0000 
59   -6.1260      3.3589     7.9039 
60    0.9681      5.0383     9.9530 
61    2.8680      5.0383     9.5799 
62    6.2781      5.0383     7.7836 
63    7.6604      5.0383     6.4279 
64    9.5225      5.0383     3.0533 
65    9.9324      5.0383     1.1609 
66    9.6337      5.0383    -2.6817 
67    8.9363      5.0383    -4.4880 
68    6.5752      5.0383    -7.5344 
69    5.0000      5.0383    -8.6603 
70    1.3533      5.0383    -9.9080 
71   -0.5814      5.0383    -9.9831 
72   -4.3139      5.0383    -9.0217 
73   -5.9716      5.0383    -8.0212 
74   -8.5617      5.0383    -5.1670 
75   -9.3969      5.0383    -3.4202 
76   -9.9925      5.0383     0.3878 
77   -9.7304      5.0383     2.3062 
78   -8.1355      5.0383     5.8149 
79   -6.8624      5.0383     7.2737 
80    0.0000      6.7178    10.0000 
81    3.7820      6.7178     9.2572 
82    5.4951      6.7178     8.3549 
83    8.2468      6.7178     5.6561 
84    9.1822      6.7178     3.9608 
85    9.9981      6.7178     0.1939 
86    9.8481      6.7178    -1.7365 
87    8.4599      6.7178    -5.3320 
88    7.2737      6.7178    -6.8624 
89    4.1381      6.7178    -9.1036 
90    2.3062      6.7178    -9.7304 
91   -1.5452      6.7178    -9.8799 
92   -3.4202      6.7178    -9.3969 
93   -6.7201      6.7178    -7.4054 
94   -8.0212      6.7178    -5.9716 
95   -9.6839      6.7178    -2.4944 
96   -9.9831      6.7178    -0.5814 
97   -9.4615      6.7178     3.2373 
98   -8.6603      6.7178     5.0000 
99   -6.1260      6.7178     7.9039 
100    0.9681      8.3972     9.9530 
101    2.8680      8.3972     9.5799 
102    6.2781      8.3972     7.7836 
103    7.6604      8.3972     6.4279 
104    9.5225      8.3972     3.0533 
105    9.9324      8.3972     1.1609 
106    9.6337      8.3972    -2.6817 
107    8.9363      8.3972    -4.4880 
108    6.5752      8.3972    -7.5344 
109    5.0000      8.3972    -8.6603 
110    1.3533      8.3972    -9.9080 
111   -0.5814      8.3972    -9.9831 
112   -4.3139      8.3972    -9.0217 
113   -5.9716      8.3972    -8.0212 
114   -8.5617      8.3972    -5.1670 
115   -9.3969      8.3972    -3.4202 
116   -9.9925      8.3972     0.3878 
117   -9.7304      8.3972     2.3062 
118   -8.1355      8.3972     5.8149 
119   -6.8624      8.3972     7.2737 
120    0.0000     10.0767    10.0000 
121    3.7820     10.0767     9.2572 
122    5.4951     10.0767     8.3549 
123    8.2468     10.0767     5.6561 
124    9.1822     10.0767     3.9608 
125    9.9981     10.0767     0.1939 
126    9.8481     10.0767    -1.7365 
127    8.4599     10.0767    -5.3320 
128    7.2737     10.0767    -6.8624 
129    4.1381     10.0767    -9.1036 
130    2.3062     10.0767    -9.7304 
131   -1.5452     10.0767    -9.8799 
132   -3.4202     10.0767    -9.3969 
133   -6.7201     10.0767    -7.4054 
134   -8.0212     10.0767    -5.9716 
135   -9.6839     10.0767    -2.4944 
136   -9.9831     10.0767    -0.5814 
137   -9.4615     10.0767     3.2373 
138   -8.6603     10.0767     5.0000 
139   -6.1260     10.0767     7.9039 
140    0.9681     11.7561     9.9530 
141    2.8680     11.7561     9.5799 
142    6.2781     11.7561     7.7836 
143    7.6604     11.7561     6.4279 
144    9.5225     11.7561     3.0533 
145    9.9324     11.7561     1.1609 
146    9.6337     11.7561    -2.6817 
147    8.9363     11.7561    -4.4880 
148    6.5752     11.7561    -7.5344 
149    5.0000     11.7561    -8.6603 
150    1.3533     11.7561    -9.9080 
151   -0.5814     11.7561    -9.9831 
152   -4.3139     11.7561    -9.0217 
153   -5.9716     11.7561    -8.0212 
154   -8.5617     11.7561    -5.1670 
155   -9.3969     11.7561    -3.4202 
156   -9.9925     11.7561     0.3878 
157   -9.7304     11.7561     2.3062 
158   -8.1355     11.7561     5.8149 
159   -6.8624     11.7561     7.2737 
160    0.0000     13.4356    10.0000 
161    3.7820     13.4356     9.2572 
162    5.4951     13.4356     8.3549 
163    8.2468     13.4356     5.6561 
164    9.1822     13.4356     3.9608 
165    9.9981     13.4356     0.1939 
166    9.8481     13.4356    -1.7365 
167    8.4599     13.4356    -5.3320 
168    7.2737     13.4356    -6.8624 
169    4.1381     13.4356    -9.1036 
170    2.3062     13.4356    -9.7304 
171   -1.5452     13.4356    -9.8799 
172   -3.4202     13.4356    -9.3969 
173   -6.7201     13.4356    -7.4054 
174   -8.0212     13.4356    -5.9716 
175   -9.6839     13.4356    -2.4944 
176   -9.9831     13.4356    -0.5814 
177   -9.4615     13.4356     3.2373 
178   -8.6603     13.4356     5.0000 
179   -6.1260     13.4356     7.9039 
180    0.9681     15.1150     9.9530 
181    2.8680     15.1150     9.5799 
182    6.2781     15.1150     7.7836 
183    7.6604     15.1150     6.4279 
184    9.5225     15.1150     3.0533 
185    9.9324     15.1150     1.1609 
186    9.6337     15.1150    -2.6817 
187    8.9363     15.1150    -4.4880 
188    6.5752     15.1150    -7.5344 
189    5.0000     15.1150    -8.6603 
190    1.3533     15.1150    -9.9080 
191   -0.5814     15.1150    -9.9831 
192   -4.3139     15.1150    -9.0217 
193   -5.9716     15.1150    -8.0212 
194   -8.5617     15.1150    -5.1670 
195   -9.3969     15.1150    -3.4202 
196   -9.9925     15.1150     0.3878 
197   -9.7304     15.1150     2.3062 
198   -8.1355     15.1150     5.8149 
199   -6.8624     15.1150     7.2737 
200    0.0000     16.7944    10.0000 
201    3.7820     16.7944     9.2572 
202    5.4951     16.7944     8.3549 
203    8.2468     16.7944     5.6561 
204    9.1822     16.7944     3.9608 
205    9.9981     16.7944     0.1939 
206    9.8481     16.7944    -1.7365 
207    8.4599     16.7944    -5.3320 
208    7.2737     16.7944    -6.8624 
209    4.1381     16.7944    -9.1036 
210    2.3062     16.7944    -9.7304 
211   -1.5452     16.7944    -9.8799 
212   -3.4202     16.7944    -9.3969 
213   -6.7201     16.7944    -7.4054 
214   -8.0212     16.7944    -5.9716 
215   -9.6839     16.7944    -2.4944 
216   -9.9831     16.7944    -0.5814 
217   -9.4615     16.7944     3.2373 
218   -8.6603     16.7944     5.0000 
219   -6.1260     16.7944     7.9039 
220    0.9681     18.4739     9.9530 
221    2.8680     18.4739     9.5799 
222    6.2781     18.4739     7.7836 
223    7.6604     18.4739     6.4279 
224    9.5225     18.4739     3.0533 
225    9.9324     18.4739     1.1609 
226    9.6337     18.4739    -2.6817 
227    8.9363     18.4739    -4.4880 
228    6.5752     18.4739    -7.5344 
229    5.0000     18.4739    -8.6603 
230    1.3533     18.4739    -9.9080 
231   -0.5814     18.4739    -9.9831 
232   -4.3139     18.4739    -9.0217 
233   -5.9716     18.4739    -8.0212 
234   -8.5617     18.4739    -5.1670 
235   -9.3969     18.4739    -3.4202 
236   -9.9925     18.4739     0.3878 
237   -9.7304     18.4739     2.3062 
238   -8.1355     18.4739     5.8149 
239   -6.8624     18.4739     7.2737 
240    0.0000     20.1533    10.0000 
241    3.7820     20.1533     9.2572 
242    5.4951     20.1533     8.3549 
243    8.2468     20.1533     5.6561 
244    9.1822     20.1533     3.9608 
245    9.9981     20.1533     0.1939 
246    9.8481     20.1533    -1.7365 
247    8.4599     20.1533    -5.3320 
248    7.2737     20.1533    -6.8624 
249    4.1381     20.1533    -9.1036 
250    2.3062     20.1533    -9.7304 
251   -1.5452     20.1533    -9.8799 
252   -3.4202     20.1533    -9.3969 
253   -6.7201     20.1533    -7.4054 
254   -8.0212     20.1533    -5.9716 
255   -9.6839     20.1533    -2.4944 
256   -9.9831     20.1533    -0.5814 
257   -9.4615     20.1533     3.2373 
258   -8.6603     20.1533     5.0000 
259   -6.1260     20.1533     7.9039 
260    0.9681     21.8328     9.9530 
261    2.8680     21.8328     9.5799 
262    6.2781     21.8328     7.7836 
263    7.6604     21.8328     6.4279 
264    9.5225     21.8328     3.0533 
265    9.9324     21.8328     1.1609 
266    9.6337     21.8328    -2.6817 
267    8.9363     21.8328    -4.4880 
268    6.5752     21.8328    -7.5344 
269    5.0000     21.8328    -8.6603 
270    1.3533     21.8328    -9.9080 
271   -0.5814     21.8328    -9.9831 
272   -4.3139     21.8328    -9.0217 
273   -5.9716     21.8328    -8.0212 
274   -8.5617     21.8328    -5.1670 
275   -9.3969     21.8328    -3.4202 
276   -9.9925     21.8328     0.3878 
277   -9.7304     21.8328     2.3062 
278   -8.1355     21.8328     5.8149 
279   -6.8624     21.8328     7.2737 
280    0.0000     23.5122    10.0000 
281    3.7820     23.5122     9.2572 
282    5.4951     23.5122     8.3549 
283    8.2468     23.5122     5.6561 
284    9.1822     23.5122     3.9608 
285    9.9981     23.5122     0.1939 
286    9.8481     23.5122    -1.7365 
287    8.4599     23.5122    -5.3320 
288    7.2737     23.5122    -6.8624 
289    4.1381     23.5122    -9.1036 
290    2.3062     23.5122    -9.7304 
291   -1.5452     23.5122    -9.8799 
292   -3.4202     23.5122    -9.3969 
293   -6.7201     23.5122    -7.4054 
294   -8.0212     23.5122    -5.9716 
295   -9.6839     23.5122    -2.4944 
296   -9.9831     23.5122    -0.5814 
297   -9.4615     23.5122     3.2373 
298   -8.6603     23.5122     5.0000 
299   -6.1260     23.5122     7.9039 
300    0.9681     25.1917     9.9530 
301    2.8680     25.1917     9.5799 
302    6.2781     25.1917     7.7836 
303    7.6604     25.1917     6.4279 
304    9.5225     25.1917     3.0533 
305    9.9324     25.1917     1.1609 
306    9.6337     25.1917    -2.6817 
307    8.9363     25.1917    -4.4880 
308    6.5752     25.1917    -7.5344 
309    5.0000     25.1917    -8.6603 
310    1.3533     25.1917    -9.9080 
311   -0.5814     25.1917    -9.9831 
312   -4.3139     25.1917    -9.0217 
313   -5.9716     25.1917    -8.0212 
314   -8.5617     25.1917    -5.1670 
315   -9.3969     25.1917    -3.4202 
316   -9.9925     25.1917     0.3878 
317   -9.7304     25.1917     2.3062 
318   -8.1355     25.1917     5.8149 
319   -6.8624     25.1917     7.2737 
320    0.0000     26.8711    10.0000 
321    3.7820     26.8711     9.2572 
322    5.4951     26.8711     8.3549 
323    8.2468     26.8711     5.6561 
324    9.1822     26.8711     3.9608 
325    9.9981     26.8711     0.1939 
326    9.8481     26.8711    -1.7365 
327    8.4599     26.8711    -5.3320 
328    7.2737     26.8711    -6.8624 
329    4.1381     26.8711    -9.1036 
330    2.3062     26.8711    -9.7304 
331   -1.5452     26.8711    -9.8799 
332   -3.4202     26.8711    -9.3969 
333   -6.7201     26.8711    -7.4054 
334   -8.0212     26.8711    -5.9716 
335   -9.6839     26.8711    -2.4944 
336   -9.9831     26.8711    -0.5814 
337   -9.4615     26.8711     3.2373 
338   -8.6603     26.8711     5.0000 
339   -6.1260     26.8711     7.9039 
340    0.9681     28.5505     9.9530 
341    2.8680     28.5505     9.5799 
342    6.2781     28.5505     7.7836 
343    7.6604     28.5505     6.4279 
344    9.5225     28.5505     3.0533 
345    9.9324     28.5505     1.1609 
346    9.6337     28.5505    -2.6817 
347    8.9363     28.5505    -4.4880 
348    6.5752     28.5505    -7.5344 
349    5.0000     28.5505    -8.6603 
350    1.3533     28.5505    -9.9080 
351   -0.5814     28.5505    -9.9831 
352   -4.3139     28.5505    -9.0217 
353   -5.9716     28.5505    -8.0212 
354   -8.5617     28.5505    -5.1670 
355   -9.3969     28.5505    -3.4202 
356   -9.9925     28.5505     0.3878 
357   -9.7304     28.5505     2.3062 
358   -8.1355     28.5505     5.8149 
359   -6.8624     28.5505     7.2737 
360    0.0000     30.2300    10.0000 
361    3.7820     30.2300     9.2572 
362    5.4951     30.2300     8.3549 
363    8.2468     30.2300     5.6561 
364    9.1822     30.2300     3.9608 
365    9.9981     30.2300     0.1939 
366    9.8481     30.2300    -1.7365 
367    8.4599     30.2300    -5.3320 
368    7.2737     30.2300    -6.8624 
369    4.1381     30.2300    -9.1036 
370    2.3062     30.2300    -9.7304 
371   -1.5452     30.2300    -9.8799 
372   -3.4202     30.2300    -9.3969 
373   -6.7201     30.2300    -7.4054 
374   -8.0212     30.2300    -5.9716 
375   -9.6839     30.2300    -2.4944 
376   -9.9831     30.2300    -0.5814 
377   -9.4615     30.2300     3.2373 
378   -8.6603     30.2300     5.0000 
379   -6.1260     30.2300     7.9039 
380    0.9681     31.9094     9.9530 
381    2.8680     31.9094     9.5799 
382    6.2781     31.9094     7.7836 
383    7.6604     31.9094     6.4279 
384    9.5225     31.9094     3.0533 
385    9.9324     31.9094     1.1609 
386    9.6337     31.9094    -2.6817 
387    8.9363     31.9094    -4.4880 
388    6.5752     31.9094    -7.5344 
389    5.0000     31.9094    -8.6603 
390    1.3533     31.9094    -9.9080 
391   -0.5814     31.9094    -9.9831 
392   -4.3139     31.9094    -9.0217 
393   -5.9716     31.9094    -8.0212 
394   -8.5617     31.9094    -5.1670 
395   -9.3969     31.9094    -3.4202 
396   -9.9925     31.9094     0.3878 
397   -9.7304     31.9094     2.3062 
398   -8.1355     31.9094     5.8149 
399   -6.8624     31.9094     7.2737 
400    0.0000     33.5889    10.0000 
401    3.7820     33.5889     9.2572 
402    5.4951     33.5889     8.3549 
403    8.2468     33.5889     5.6561 
404    9.1822     33.5889     3.9608 
405    9.9981     33.5889     0.1939 
406    9.8481     33.5889    -1.7365 
407    8.4599     33.5889    -5.3320 
408    7.2737     33.5889    -6.8624 
409    4.1381     33.5889    -9.1036 
410    2.3062     33.5889    -9.7304 
411   -1.5452     33.5889    -9.8799 
412   -3.4202     33.5889    -9.3969 
413   -6.7201     33.5889    -7.4054 
414   -8.0212     33.5889    -5.9716 
415   -9.6839     33.5889    -2.4944 
416   -9.9831     33.5889    -0.5814 
417   -9.4615     33.5889     3.2373 
418   -8.6603     33.5889     5.0000 
419   -6.1260     33.5889     7.9039 
420    0.9681     35.2683     9.9530 
421    2.8680     35.2683     9.5799 
422    6.2781     35.2683     7.7836 
423    7.6604     35.2683     6.4279 
424    9.5225     35.2683     3.0533 
425    9.9324     35.2683     1.1609 
426    9.6337     35.2683    -2.6817 
427    8.9363     35.2683    -4.4880 
428    6.5752     35.2683    -7.5344 
429    5.0000     35.2683    -8.6603 
430    1.3533     35.2683    -9.9080 
431   -0.5814     35.2683    -9.9831 
432   -4.3139     35.2683    -9.0217 
433   -5.9716     35.2683    -8.0212 
434   -8.5617     35.2683    -5.1670 
435   -9.3969     35.2683    -3.4202 
436   -9.9925     35.2683     0.3878 
437   -9.7304     35.2683     2.3062 
438   -8.1355     35.2683     5.8149 
439   -6.8624     35.2683     7.2737 
440    0.0000     36.9478    10.0000 
441    3.7820     36.9478     9.2572 
442    5.4951     36.9478     8.3549 
443    8.2468     36.9478     5.6561 
444    9.1822     36.9478     3.9608 
445    9.9981     36.9478     0.1939 
446    9.8481     36.9478    -1.7365 
447    8.4599     36.9478    -5.3320 
448    7.2737     36.9478    -6.8624 
449    4.1381     36.9478    -9.1036 
450    2.3062     36.9478    -9.7304 
451   -1.5452     36.9478    -9.8799 
452   -3.4202     36.9478    -9.3969 
453   -6.7201     36.9478    -7.4054 
454   -8.0212     36.9478    -5.9716 
455   -9.6839     36.9478    -2.4944 
456   -9.9831     36.9478    -0.5814 
457   -9.4615     36.9478     3.2373 
458   -8.6603     36.9478     5.0000 
459   -6.1260     36.9478     7.9039 
460    0.9681     38.6272     9.9530 
461    2.8680     38.6272     9.5799 
462    6.2781     38.6272     7.7836 
463    7.6604     38.6272     6.4279 
464    9.5225     38.6272     3.0533 
465    9.9324     38.6272     1.1609 
466    9.6337     38.6272    -2.6817 
467    8.9363     38.6272    -4.4880 
468    6.5752     38.6272    -7.5344 
469    5.0000     38.6272    -8.6603 
470    1.3533     38.6272    -9.9080 
471   -0.5814     38.6272    -9.9831 
472   -4.3139     38.6272    -9.0217 
473   -5.9716     38.6272    -8.0212 
474   -8.5617     38.6272    -5.1670 
475   -9.3969     38.6272    -3.4202 
476   -9.9925     38.6272     0.3878 
477   -9.7304     38.6272     2.3062 
478   -8.1355     38.6272     5.8149 
479   -6.8624     38.6272     7.2737 
480    0.0000     40.3067    10.0000 
481    3.7820     40.3067     9.2572 
482    5.4951     40.3067     8.3549 
483    8.2468     40.3067     5.6561 
484    9.1822     40.3067     3.9608 
485    9.9981     40.3067     0.1939 
486    9.8481     40.3067    -1.7365 
487    8.4599     40.3067    -5.3320 
488    7.2737     40.3067    -6.8624 
489    4.1381     40.3067    -9.1036 
490    2.3062     40.3067    -9.7304 
491   -1.5452     40.3067    -9.8799 
492   -3.4202     40.3067    -9.3969 
493   -6.7201     40.3067    -7.4054 
494   -8.0212     40.3067    -5.9716 
495   -9.6839     40.3067    -2.4944 
496   -9.9831     40.3067    -0.5814 
497   -9.4615     40.3067     3.2373 
498   -8.6603     40.3067     5.0000 
499   -6.1260     40.3067     7.9039 
500    0.9681     41.9861     9.9530 
501    2.8680     41.9861     9.5799 
502    6.2781     41.9861     7.7836 
503    7.6604     41.9861     6.4279 
504    9.5225     41.9861     3.0533 
505    9.9324     41.9861     1.1609 
506    9.6337     41.9861    -2.6817 
507    8.9363     41.9861    -4.4880 
508    6.5752     41.9861    -7.5344 
509    5.0000     41.9861    -8.6603 
510    1.3533     41.9861    -9.9080 
511   -0.5814     41.9861    -9.9831 
512   -4.3139     41.9861    -9.0217 
513   -5.9716     41.9861    -8.0212 
514   -8.5617     41.9861    -5.1670 
515   -9.3969     41.9861    -3.4202 
516   -9.9925     41.9861     0.3878 
517   -9.7304     41.9861     2.3062 
518   -8.1355     41.9861     5.8149 
519   -6.8624     41.9861     7.2737 
520    0.0000     43.6655    10.0000 
521    3.7820     43.6655     9.2572 
522    5.4951     43.6655     8.3549 
523    8.2468     43.6655     5.6561 
524    9.1822     43.6655     3.9608 
525    9.9981     43.6655     0.1939 
526    9.8481     43.6655    -1.7365 
527    8.4599     43.6655    -5.3320 
528    7.2737     43.6655    -6.8624 
529    4.1381     43.6655    -9.1036 
530    2.3062     43.6655    -9.7304 
531   -1.5452     43.6655    -9.8799 
532   -3.4202     43.6655    -9.3969 
533   -6.7201     43.6655    -7.4054 
534   -8.0212     43.6655    -5.9716 
535   -9.6839     43.6655    -2.4944 
536   -9.9831     43.6655    -0.5814 
537   -9.4615     43.6655     3.2373 
538   -8.6603     43.6655     5.0000 
539   -6.1260     43.6655     7.9039 
540    0.9681     45.3450     9.9530 
541    2.8680     45.3450     9.5799 
542    6.2781     45.3450     7.7836 
543    7.6604     45.3450     6.4279 
544    9.5225     45.3450     3.0533 
545    9.9324     45.3450     1.1609 
546    9.6337     45.3450    -2.6817 
547    8.9363     45.3450    -4.4880 
548    6.5752     45.3450    -7.5344 
549    5.0000     45.3450    -8.6603 
550    1.3533     45.3450    -9.9080 
551   -0.5814     45.3450    -9.9831 
552   -4.3139     45.3450    -9.0217 
553   -5.9716     45.3450    -8.0212 
554   -8.5617     45.3450    -5.1670 
555   -9.3969     45.3450    -3.4202 
556   -9.9925     45.3450     0.3878 
557   -9.7304     45.3450     2.3062 
558   -8.1355     45.3450     5.8149 
559   -6.8624     45.3450     7.2737 
560    0.0000     47.0244    10.0000 
561    3.7820     47.0244     9.2572 
562    5.4951     47.0244     8.3549 
563    8.2468     47.0244     5.6561 
564    9.1822     47.0244     3.9608 
565    9.9981     47.0244     0.1939 
566    9.8481     47.0244    -1.7365 
567    8.4599     47.0244    -5.3320 
568    7.2737     47.0244    -6.8624 
569    4.1381     47.0244    -9.1036 
570    2.3062     47.0244    -9.7304 
571   -1.5452     47.0244    -9.8799 
572   -3.4202     47.0244    -9.3969 
573   -6.7201     47.0244    -7.4054 
574   -8.0212     47.0244    -5.9716 
575   -9.6839     47.0244    -2.4944 
576   -9.9831     47.0244    -0.5814 
577   -9.4615     47.0244     3.2373 
578   -8.6603     47.0244     5.0000 
579   -6.1260     47.0244     7.9039 
580    0.9681     48.7039     9.9530 
581    2.8680     48.7039     9.5799 
582    6.2781     48.7039     7.7836 
583    7.6604     48.7039     6.4279 
584    9.5225     48.7039     3.0533 
585    9.9324     48.7039     1.1609 
586    9.6337     48.7039    -2.6817 
587    8.9363     48.7039    -4.4880 
588    6.5752     48.7039    -7.5344 
589    5.0000     48.7039    -8.6603 
590    1.3533     48.7039    -9.9080 
591   -0.5814     48.7039    -9.9831 
592   -4.3139     48.7039    -9.0217 
593   -5.9716     48.7039    -8.0212 
594   -8.5617     48.7039    -5.1670 
595   -9.3969     48.7039    -3.4202 
596   -9.9925     48.7039     0.3878 
597   -9.7304     48.7039     2.3062 
598   -8.1355     48.7039     5.8149 
599   -6.8624     48.7039     7.2737 
600    0.0000     50.3833    10.0000 
601    3.7820     50.3833     9.2572 
602    5.4951     50.3833     8.3549 
603    8.2468     50.3833     5.6561 
604    9.1822     50.3833     3.9608 
605    9.9981     50.3833     0.1939 
606    9.8481     50.3833    -1.7365 
607    8.4599     50.3833    -5.3320 
608    7.2737     50.3833    -6.8624 
609    4.1381     50.3833    -9.1036 
610    2.3062     50.3833    -9.7304 
611   -1.5452     50.3833    -9.8799 
612   -3.4202     50.3833    -9.3969 
613   -6.7201     50.3833    -7.4054 
614   -8.0212     50.3833    -5.9716 
615   -9.6839     50.3833    -2.4944 
616   -9.9831     50.3833    -0.5814 
617   -9.4615     50.3833     3.2373 
618   -8.6603     50.3833     5.0000 
619   -6.1260     50.3833     7.9039 
620    0.9681     52.0628     9.9530 
621    2.8680     52.0628     9.5799 
622    6.2781     52.0628     7.7836 
623    7.6604     52.0628     6.4279 
624    9.5225     52.0628     3.0533 
625    9.9324     52.0628     1.1609 
626    9.6337     52.0628    -2.6817 
627    8.9363     52.0628    -4.4880 
628    6.5752     52.0628    -7.5344 
629    5.0000     52.0628    -8.6603 
630    1.3533     52.0628    -9.9080 
631   -0.5814     52.0628    -9.9831 
632   -4.3139     52.0628    -9.0217 
633   -5.9716     52.0628    -8.0212 
634   -8.5617     52.0628    -5.1670 
635   -9.3969     52.0628    -3.4202 
636   -9.9925     52.0628     0.3878 
637   -9.7304     52.0628     2.3062 
638   -8.1355     52.0628     5.8149 
639   -6.8624     52.0628     7.2737 
640    0.0000     53.7422    10.0000 
641    3.7820     53.7422     9.2572 
642    5.4951     53.7422     8.3549 
643    8.2468     53.7422     5.6561 
644    9.1822     53.7422     3.9608 
645    9.9981     53.7422     0.1939 
646    9.8481     53.7422    -1.7365 
647    8.4599     53.7422    -5.3320 
648    7.2737     53.7422    -6.8624 
649    4.1381     53.7422    -9.1036 
650    2.3062     53.7422    -9.7304 
651   -1.5452     53.7422    -9.8799 
652   -3.4202     53.7422    -9.3969 
653   -6.7201     53.7422    -7.4054 
654   -8.0212     53.7422    -5.9716 
655   -9.6839     53.7422    -2.4944 
656   -9.9831     53.7422    -0.5814 
657   -9.4615     53.7422     3.2373 
658   -8.6603     53.7422     5.0000 
659   -6.1260     53.7422     7.9039 
660    0.9681     55.4216     9.9530 
661    2.8680     55.4216     9.5799 
662    6.2781     55.4216     7.7836 
663    7.6604     55.4216     6.4279 
664    9.5225     55.4216     3.0533 
665    9.9324     55.4216     1.1609 
666    9.6337     55.4216    -2.6817 
667    8.9363     55.4216    -4.4880 
668    6.5752     55.4216    -7.5344 
669    5.0000     55.4216    -8.6603 
670    1.3533     55.4216    -9.9080 
671   -0.5814     55.4216    -9.9831 
672   -4.3139     55.4216    -9.0217 
673   -5.9716     55.4216    -8.0212 
674   -8.5617     55.4216    -5.1670 
675   -9.3969     55.4216    -3.4202 
676   -9.9925     55.4216     0.3878 
677   -9.7304     55.4216     2.3062 
678   -8.1355     55.4216     5.8149 
679   -6.8624     55.4216     7.2737 
680    0.0000     57.1011    10.0000 
681    3.7820     57.1011     9.2572 
682    5.4951     57.1011     8.3549 
683    8.2468     57.1011     5.6561 
684    9.1822     57.1011     3.9608 
685    9.9981     57.1011     0.1939 
686    9.8481     57.1011    -1.7365 
687    8.4599     57.1011    -5.3320 
688    7.2737     57.1011    -6.8624 
689    4.1381     57.1011    -9.1036 
690    2.3062     57.1011    -9.7304 
691   -1.5452     57.1011    -9.8799 
692   -3.4202     57.1011    -9.3969 
693   -6.7201     57.1011    -7.4054 
694   -8.0212     57.1011    -5.9716 
695   -9.6839     57.1011    -2.4944 
696   -9.9831     57.1011    -0.5814 
697   -9.4615     57.1011     3.2373 
698   -8.6603     57.1011     5.0000 
699   -6.1260     57.1011     7.9039 
element with specified local z axis: x, y, z component
-10
prescribed displacement x: node  disp value
   0   0.000000e+00
   1   0.000000e+00
   2   0.000000e+00
   3   0.000000e+00
   4   0.000000e+00
   5   0.000000e+00
   6   0.000000e+00
   7   0.000000e+00
   8   0.000000e+00
   9   0.000000e+00
  10   0.000000e+00
  11   0.000000e+00
  12   0.000000e+00
  13   0.000000e+00
  14   0.000000e+00
  15   0.000000e+00
  16   0.000000e+00
  17   0.000000e+00
  18   0.000000e+00
  19   0.000000e+00
   0   0.000000e+00
  20   0.000000e+00
  40   0.000000e+00
  60   0.000000e+00
  80   0.000000e+00
 100   0.000000e+00
 120   0.000000e+00
 140   0.000000e+00
 160   0.000000e+00
 180   0.000000e+00
 200   0.000000e+00
 220   0.000000e+00
 240   0.000000e+00
 260   0.000000e+00
 280   0.000000e+00
 300   0.000000e+00
 320   0.000000e+00
 340   0.000000e+00
 360   0.000000e+00
 380   0.000000e+00
 400   0.000000e+00
 420   0.000000e+00
 440   0.000000e+00
 460   0.000000e+00
 480   0.000000e+00
 500   0.000000e+00
 520   0.000000e+00
 540   0.000000e+00
 560   0.000000e+00
 580   0.000000e+00
 600   0.000000e+00
 620   0.000000e+00
 640   0.000000e+00
 660   0.000000e+00
 680   0.000000e+00
 -10
 prescribed displacement y: node  disp value
   0   0.000000e+00
   1   0.000000e+00
   2   0.000000e+00
   3   0.000000e+00
   4   0.000000e+00
   5   0.000000e+00
   6   0.000000e+00
   7   0.000000e+00
   8   0.000000e+00
   9   0.000000e+00
  10   0.000000e+00
  11   0.000000e+00
  12   0.000000e+00
  13   0.000000e+00
  14   0.000000e+00
  15   0.000000e+00
  16   0.000000e+00
  17   0.000000e+00
  18   0.000000e+00
  19   0.000000e+00
 -10
 prescribed displacement z: node  disp value
   0   0.000000e+00
   1   0.000000e+00
   2   0.000000e+00
   3   0.000000e+00
   4   0.000000e+00
   5   0.000000e+00
   6   0.000000e+00
   7   0.000000e+00
   8   0.000000e+00
   9   0.000000e+00
  10   0.000000e+00
  11   0.000000e+00
  12   0.000000e+00
  13   0.000000e+00
  14   0.000000e+00
  15   0.000000e+00
  16   0.000000e+00
  17   0.000000e+00
  18   0.000000e+00
  19   0.000000e+00
  19   0.000000e+00
  39   0.000000e+00
  59   0.000000e+00
  79   0.000000e+00
  99   0.000000e+00
 119   0.000000e+00
 139   0.000000e+00
 159   0.000000e+00
 179   0.000000e+00
 199   0.000000e+00
 219   0.000000e+00
 239   0.000000e+00
 259   0.000000e+00
 279   0.000000e+00
 299   0.000000e+00
 319   0.000000e+00
 339   0.000000e+00
 359   0.000000e+00
 379   0.000000e+00
 399   0.000000e+00
 419   0.000000e+00
 439   0.000000e+00
 459   0.000000e+00
 479   0.000000e+00
 499   0.000000e+00
 519   0.000000e+00
 539   0.000000e+00
 559   0.000000e+00
 579   0.000000e+00
 599   0.000000e+00
 619   0.000000e+00
 639   0.000000e+00
 659   0.000000e+00
 679   0.000000e+00
 699   0.000000e+00
 -10
 prescribed angle x: node  angle value
   0   0.000000e+00
   1   0.000000e+00
   2   0.000000e+00
   3   0.000000e+00
   4   0.000000e+00
   5   0.000000e+00
   6   0.000000e+00
   7   0.000000e+00
   8   0.000000e+00
   9   0.000000e+00
  10   0.000000e+00
  11   0.000000e+00
  12   0.000000e+00
  13   0.000000e+00
  14   0.000000e+00
  15   0.000000e+00
  16   0.000000e+00
  17   0.000000e+00
  18   0.000000e+00
  19   0.000000e+00
 -10
 prescribed angle y: node  angle value
   0   0.000000e+00
   1   0.000000e+00
   2   0.000000e+00
   3   0.000000e+00
   4   0.000000e+00
   5   0.000000e+00
   6   0.000000e+00
   7   0.000000e+00
   8   0.000000e+00
   9   0.000000e+00
  10   0.000000e+00
  11   0.000000e+00
  12   0.000000e+00
  13   0.000000e+00
  14   0.000000e+00
  15   0.000000e+00
  16   0.000000e+00
  17   0.000000e+00
  18   0.000000e+00
  19   0.000000e+00
 -10
 prescribed angle z: node  angle value
   0   0.000000e+00
   1   0.000000e+00
   2   0.000000e+00
   3   0.000000e+00
   4   0.000000e+00
   5   0.000000e+00
   6   0.000000e+00
   7   0.000000e+00
   8   0.000000e+00
   9   0.000000e+00
  10   0.000000e+00
  11   0.000000e+00
  12   0.000000e+00
  13   0.000000e+00
  14   0.000000e+00
  15   0.000000e+00
  16   0.000000e+00
  17   0.000000e+00
  18   0.000000e+00
  19   0.000000e+00
 -10
element with distributed load in local beam y and z coordinates
 680   0.000000e+00   1.000000e+05   0.000000e+00      0.0      0.0      0.0
 681   0.000000e+00   1.000000e+05   0.000000e+00      0.0      0.0      0.0
 682   0.000000e+00   1.000000e+05   0.000000e+00      0.0      0.0      0.0
 683   0.000000e+00   1.000000e+05   0.000000e+00      0.0      0.0      0.0
 684   0.000000e+00   1.000000e+05   0.000000e+00      0.0      0.0      0.0
 685   0.000000e+00   1.000000e+05   0.000000e+00      0.0      0.0      0.0
 686   0.000000e+00   1.000000e+05   0.000000e+00      0.0      0.0      0.0
 687   0.000000e+00   1.000000e+05   0.000000e+00      0.0      0.0      0.0
 688   0.000000e+00   1.000000e+05   0.000000e+00      0.0      0.0      0.0
 689   0.000000e+00   1.000000e+05   0.000000e+00      0.0      0.0      0.0
 690   0.000000e+00   1.000000e+05   0.000000e+00      0.0      0.0      0.0
 691   0.000000e+00   1.000000e+05   0.000000e+00      0.0      0.0      0.0
 692   0.000000e+00   1.000000e+05   0.000000e+00      0.0      0.0      0.0
 693   0.000000e+00   1.000000e+05   0.000000e+00      0.0      0.0      0.0
 694   0.000000e+00   1.000000e+05   0.000000e+00      0.0      0.0      0.0
 695   0.000000e+00   1.000000e+05   0.000000e+00      0.0      0.0      0.0
 696   0.000000e+00   1.000000e+05   0.000000e+00      0.0      0.0      0.0
 697   0.000000e+00   1.000000e+05   0.000000e+00      0.0      0.0      0.0
 698   0.000000e+00   1.000000e+05   0.000000e+00      0.0      0.0      0.0
 699   0.000000e+00   1.000000e+05   0.000000e+00      0.0      0.0      0.0
 -10
node with point load x, y, z and 3 moments phi x, phi y, phi z
-10
element no. and gauss pt. no. with local stress vector xx and moment xx,yy,zz
 -10 
