   numel numnp nmat nmode  (This is for a beam bridge)
     45   20  8  0
matl no., E mod, Poiss. Ratio, density, Area, Iy, Iz, AreaSy, AreaSz
0    30000000  0.0   4.26e3 2.0    1.0     1.0
1    20300000  0.30  4.26e3 2.3883 1.8393  1.389  
2    30000000  0.25  3.86e3 4.3839 2.0039  3.003  4.3007  4.30233
3    31000000  0.27  7.96e2 3.3389 1.7373  2.299  3.5939 
4    29880000  0.32  3.38e3 2.3389 1.3390  1.838  2.8300  3.00233
5    49490000  0.39  2.98e3 3.3838 2.0090  1.938  2.0388  
0    30000000  0.0   4.26e3 2.0    1.2300  1.0
6    30000000  0.0   4.26e3 2.0    1.0     1.0
el no.,connectivity, matl no, element type
0        0    1    0     2
1        1    2    0     2
2        2    3    0     2
3        3    4    0     2
4        4    5    0     2
5        6    7    0     2
6        7    8    0     2
7        8    9    0     2

8        6    0    1     2
9        6    1    1     2
10       6    2    1     4
11       7    2    1     2
12       7    3    1     4
13       8    3    1     2
14       8    4    1     4
15       9    4    1     2
16       9    5    1     2

17      10   11    2     3
18      11   12    2     3
19      12   13    2     3
20      13   14    2     3
21      14   15    2     3
22      16   17    2     3
23      17   18    2     3
24      18   19    2     3

25      16   10    4     3
26      16   11    4     3
27      16   12    4     4
28      17   12    4     3
29      17   13    4     4
30      18   13    4     3
31      18   14    4     4
32      19   14    4     3
33      19   15    4     4

34       0   10    6     2
35       1   11    6     2
36       2   12    6     2
37       3   13    6     2
38       4   14    6     2
39       5   15    6     2

40       0   11    6     1
41       1   12    6     1
42       2   13    6     1
43       3   14    6     1
44       4   15    6     1
node no., coordinates
0     0.00000   0.00000   0.000
1    10.00000   0.00000   0.000
2    20.00000   0.00000   0.000
3    30.00000   0.00000   0.000
4    40.00000   0.00000   0.000
5    50.00000   0.00000   0.000
6    10.00000   3.00000   0.000
7    20.00000   3.00000   0.000
8    30.00000   3.00000   0.000
9    40.00000   3.00000   0.000

10     0.00000   0.00000   4.000
11    10.00000   0.00000   4.000
12    20.00000   0.00000   4.000
13    30.00000   0.00000   4.000
14    40.00000   0.00000   4.000
15    50.00000   0.00000   4.000
16    10.00000   3.00000   4.000
17    20.00000   3.00000   4.000
18    30.00000   3.00000   4.000
19    40.00000   3.00000   4.000
element with specified local z axis: x, y, z component
-10
prescribed displacement x: node  disp value
    0 0.0
   10 0.0
    5 0.0
   15 0.0
    -10
prescribed displacement y: node  disp value
    0 0.0
   10 0.0
    5 0.0
   15 0.0
    -10
prescribed displacement z: node  disp value
    0 0.0
   10 0.0
    5 0.0
   15 0.0
    -10
prescribed angle phi x: node angle value
    0 0.0
   10 0.0
    5 0.0
   15 0.0
    -10
prescribed angle phi y: node angle value
    0 0.0
   10 0.0
    5 0.0
   15 0.0
    -10
 prescribed angle phi z: node angle value
    0 0.0
   10 0.0
    5 0.0
   15 0.0
    -10
node with point load x, y, z and 3 moments phi x, phi y, phi z
     2  0.0   -10000.00   0.0    0.0  0.0   0.0
     3  0.0   -10000.00   0.0    0.0  0.0   0.0
    12  0.0   -10000.00   0.0    0.0  0.0   0.0
    13  0.0   -10000.00   0.0    0.0  0.0   0.0
-10 
element with distributed load in local beam y and z coordinates
     0   -10000.00   0.0
     1   -10000.00   0.0
     2   -10000.00   0.0
     3   -10000.00   0.0
     4   -10000.00   0.0
    17   -10000.00   0.0
    18   -10000.00   0.0
    19   -10000.00   0.0
    20   -10000.00   0.0
    21   -10000.00   0.0
-10
element no. and gauss pt. no. with local stress vector xx and moment xx,yy,zz
-10

