   numel numnp nmat nmode  (This is for a beam bridge)
      930  385    1    -5 
 matl no., E mod, Poiss. Ratio, density, Area, Iy, Iz 
  0  30000000.0000    0.3000  1.23e4    2.0000    1.0000    1.0000 
 el no., connectivity, matl no ,element type
   0    0   35    0    2
   1    1   36    0    2
   2    2   37    0    2
   3    3   38    0    2
   4    4   39    0    2
   5    5   40    0    2
   6    6   41    0    2
   7   35   36    0    2
   8   36   37    0    2
   9   37   38    0    2
  10   38   39    0    2
  11   39   40    0    2
  12   40   41    0    2
  13    7   42    0    2
  14    8   43    0    2
  15    9   44    0    2
  16   10   45    0    2
  17   11   46    0    2
  18   12   47    0    2
  19   13   48    0    2
  20   42   43    0    2
  21   43   44    0    2
  22   44   45    0    2
  23   45   46    0    2
  24   46   47    0    2
  25   47   48    0    2
  26   14   49    0    2
  27   15   50    0    2
  28   16   51    0    2
  29   17   52    0    2
  30   18   53    0    2
  31   19   54    0    2
  32   20   55    0    2
  33   49   50    0    2
  34   50   51    0    2
  35   51   52    0    2
  36   52   53    0    2
  37   53   54    0    2
  38   54   55    0    2
  39   21   56    0    2
  40   22   57    0    2
  41   23   58    0    2
  42   24   59    0    2
  43   25   60    0    2
  44   26   61    0    2
  45   27   62    0    2
  46   56   57    0    2
  47   57   58    0    2
  48   58   59    0    2
  49   59   60    0    2
  50   60   61    0    2
  51   61   62    0    2
  52   28   63    0    2
  53   29   64    0    2
  54   30   65    0    2
  55   31   66    0    2
  56   32   67    0    2
  57   33   68    0    2
  58   34   69    0    2
  59   63   64    0    2
  60   64   65    0    2
  61   65   66    0    2
  62   66   67    0    2
  63   67   68    0    2
  64   68   69    0    2
  65   35   42    0    2
  66   36   43    0    2
  67   37   44    0    2
  68   38   45    0    2
  69   39   46    0    2
  70   40   47    0    2
  71   41   48    0    2
  72   42   49    0    2
  73   43   50    0    2
  74   44   51    0    2
  75   45   52    0    2
  76   46   53    0    2
  77   47   54    0    2
  78   48   55    0    2
  79   49   56    0    2
  80   50   57    0    2
  81   51   58    0    2
  82   52   59    0    2
  83   53   60    0    2
  84   54   61    0    2
  85   55   62    0    2
  86   56   63    0    2
  87   57   64    0    2
  88   58   65    0    2
  89   59   66    0    2
  90   60   67    0    2
  91   61   68    0    2
  92   62   69    0    2
  93   35   70    0    2
  94   36   71    0    2
  95   37   72    0    2
  96   38   73    0    2
  97   39   74    0    2
  98   40   75    0    2
  99   41   76    0    2
 100   70   71    0    2
 101   71   72    0    2
 102   72   73    0    2
 103   73   74    0    2
 104   74   75    0    2
 105   75   76    0    2
 106   42   77    0    2
 107   43   78    0    2
 108   44   79    0    2
 109   45   80    0    2
 110   46   81    0    2
 111   47   82    0    2
 112   48   83    0    2
 113   77   78    0    2
 114   78   79    0    2
 115   79   80    0    2
 116   80   81    0    2
 117   81   82    0    2
 118   82   83    0    2
 119   49   84    0    2
 120   50   85    0    2
 121   51   86    0    2
 122   52   87    0    2
 123   53   88    0    2
 124   54   89    0    2
 125   55   90    0    2
 126   84   85    0    2
 127   85   86    0    2
 128   86   87    0    2
 129   87   88    0    2
 130   88   89    0    2
 131   89   90    0    2
 132   56   91    0    2
 133   57   92    0    2
 134   58   93    0    2
 135   59   94    0    2
 136   60   95    0    2
 137   61   96    0    2
 138   62   97    0    2
 139   91   92    0    2
 140   92   93    0    2
 141   93   94    0    2
 142   94   95    0    2
 143   95   96    0    2
 144   96   97    0    2
 145   63   98    0    2
 146   64   99    0    2
 147   65  100    0    2
 148   66  101    0    2
 149   67  102    0    2
 150   68  103    0    2
 151   69  104    0    2
 152   98   99    0    2
 153   99  100    0    2
 154  100  101    0    2
 155  101  102    0    2
 156  102  103    0    2
 157  103  104    0    2
 158   70   77    0    2
 159   71   78    0    2
 160   72   79    0    2
 161   73   80    0    2
 162   74   81    0    2
 163   75   82    0    2
 164   76   83    0    2
 165   77   84    0    2
 166   78   85    0    2
 167   79   86    0    2
 168   80   87    0    2
 169   81   88    0    2
 170   82   89    0    2
 171   83   90    0    2
 172   84   91    0    2
 173   85   92    0    2
 174   86   93    0    2
 175   87   94    0    2
 176   88   95    0    2
 177   89   96    0    2
 178   90   97    0    2
 179   91   98    0    2
 180   92   99    0    2
 181   93  100    0    2
 182   94  101    0    2
 183   95  102    0    2
 184   96  103    0    2
 185   97  104    0    2
 186   70  105    0    2
 187   71  106    0    2
 188   72  107    0    2
 189   73  108    0    2
 190   74  109    0    2
 191   75  110    0    2
 192   76  111    0    2
 193  105  106    0    2
 194  106  107    0    2
 195  107  108    0    2
 196  108  109    0    2
 197  109  110    0    2
 198  110  111    0    2
 199   77  112    0    2
 200   78  113    0    2
 201   79  114    0    2
 202   80  115    0    2
 203   81  116    0    2
 204   82  117    0    2
 205   83  118    0    2
 206  112  113    0    2
 207  113  114    0    2
 208  114  115    0    2
 209  115  116    0    2
 210  116  117    0    2
 211  117  118    0    2
 212   84  119    0    2
 213   85  120    0    2
 214   86  121    0    2
 215   87  122    0    2
 216   88  123    0    2
 217   89  124    0    2
 218   90  125    0    2
 219  119  120    0    2
 220  120  121    0    2
 221  121  122    0    2
 222  122  123    0    2
 223  123  124    0    2
 224  124  125    0    2
 225   91  126    0    2
 226   92  127    0    2
 227   93  128    0    2
 228   94  129    0    2
 229   95  130    0    2
 230   96  131    0    2
 231   97  132    0    2
 232  126  127    0    2
 233  127  128    0    2
 234  128  129    0    2
 235  129  130    0    2
 236  130  131    0    2
 237  131  132    0    2
 238   98  133    0    2
 239   99  134    0    2
 240  100  135    0    2
 241  101  136    0    2
 242  102  137    0    2
 243  103  138    0    2
 244  104  139    0    2
 245  133  134    0    2
 246  134  135    0    2
 247  135  136    0    2
 248  136  137    0    2
 249  137  138    0    2
 250  138  139    0    2
 251  105  112    0    2
 252  106  113    0    2
 253  107  114    0    2
 254  108  115    0    2
 255  109  116    0    2
 256  110  117    0    2
 257  111  118    0    2
 258  112  119    0    2
 259  113  120    0    2
 260  114  121    0    2
 261  115  122    0    2
 262  116  123    0    2
 263  117  124    0    2
 264  118  125    0    2
 265  119  126    0    2
 266  120  127    0    2
 267  121  128    0    2
 268  122  129    0    2
 269  123  130    0    2
 270  124  131    0    2
 271  125  132    0    2
 272  126  133    0    2
 273  127  134    0    2
 274  128  135    0    2
 275  129  136    0    2
 276  130  137    0    2
 277  131  138    0    2
 278  132  139    0    2
 279  105  140    0    2
 280  106  141    0    2
 281  107  142    0    2
 282  108  143    0    2
 283  109  144    0    2
 284  110  145    0    2
 285  111  146    0    2
 286  140  141    0    2
 287  141  142    0    2
 288  142  143    0    2
 289  143  144    0    2
 290  144  145    0    2
 291  145  146    0    2
 292  112  147    0    2
 293  113  148    0    2
 294  114  149    0    2
 295  115  150    0    2
 296  116  151    0    2
 297  117  152    0    2
 298  118  153    0    2
 299  147  148    0    2
 300  148  149    0    2
 301  149  150    0    2
 302  150  151    0    2
 303  151  152    0    2
 304  152  153    0    2
 305  119  154    0    2
 306  120  155    0    2
 307  121  156    0    2
 308  122  157    0    2
 309  123  158    0    2
 310  124  159    0    2
 311  125  160    0    2
 312  154  155    0    2
 313  155  156    0    2
 314  156  157    0    2
 315  157  158    0    2
 316  158  159    0    2
 317  159  160    0    2
 318  126  161    0    2
 319  127  162    0    2
 320  128  163    0    2
 321  129  164    0    2
 322  130  165    0    2
 323  131  166    0    2
 324  132  167    0    2
 325  161  162    0    2
 326  162  163    0    2
 327  163  164    0    2
 328  164  165    0    2
 329  165  166    0    2
 330  166  167    0    2
 331  133  168    0    2
 332  134  169    0    2
 333  135  170    0    2
 334  136  171    0    2
 335  137  172    0    2
 336  138  173    0    2
 337  139  174    0    2
 338  168  169    0    2
 339  169  170    0    2
 340  170  171    0    2
 341  171  172    0    2
 342  172  173    0    2
 343  173  174    0    2
 344  140  147    0    2
 345  141  148    0    2
 346  142  149    0    2
 347  143  150    0    2
 348  144  151    0    2
 349  145  152    0    2
 350  146  153    0    2
 351  147  154    0    2
 352  148  155    0    2
 353  149  156    0    2
 354  150  157    0    2
 355  151  158    0    2
 356  152  159    0    2
 357  153  160    0    2
 358  154  161    0    2
 359  155  162    0    2
 360  156  163    0    2
 361  157  164    0    2
 362  158  165    0    2
 363  159  166    0    2
 364  160  167    0    2
 365  161  168    0    2
 366  162  169    0    2
 367  163  170    0    2
 368  164  171    0    2
 369  165  172    0    2
 370  166  173    0    2
 371  167  174    0    2
 372  140  175    0    2
 373  141  176    0    2
 374  142  177    0    2
 375  143  178    0    2
 376  144  179    0    2
 377  145  180    0    2
 378  146  181    0    2
 379  175  176    0    2
 380  176  177    0    2
 381  177  178    0    2
 382  178  179    0    2
 383  179  180    0    2
 384  180  181    0    2
 385  147  182    0    2
 386  148  183    0    2
 387  149  184    0    2
 388  150  185    0    2
 389  151  186    0    2
 390  152  187    0    2
 391  153  188    0    2
 392  182  183    0    2
 393  183  184    0    2
 394  184  185    0    2
 395  185  186    0    2
 396  186  187    0    2
 397  187  188    0    2
 398  154  189    0    2
 399  155  190    0    2
 400  156  191    0    2
 401  157  192    0    2
 402  158  193    0    2
 403  159  194    0    2
 404  160  195    0    2
 405  189  190    0    2
 406  190  191    0    2
 407  191  192    0    2
 408  192  193    0    2
 409  193  194    0    2
 410  194  195    0    2
 411  161  196    0    2
 412  162  197    0    2
 413  163  198    0    2
 414  164  199    0    2
 415  165  200    0    2
 416  166  201    0    2
 417  167  202    0    2
 418  196  197    0    2
 419  197  198    0    2
 420  198  199    0    2
 421  199  200    0    2
 422  200  201    0    2
 423  201  202    0    2
 424  168  203    0    2
 425  169  204    0    2
 426  170  205    0    2
 427  171  206    0    2
 428  172  207    0    2
 429  173  208    0    2
 430  174  209    0    2
 431  203  204    0    2
 432  204  205    0    2
 433  205  206    0    2
 434  206  207    0    2
 435  207  208    0    2
 436  208  209    0    2
 437  175  182    0    2
 438  176  183    0    2
 439  177  184    0    2
 440  178  185    0    2
 441  179  186    0    2
 442  180  187    0    2
 443  181  188    0    2
 444  182  189    0    2
 445  183  190    0    2
 446  184  191    0    2
 447  185  192    0    2
 448  186  193    0    2
 449  187  194    0    2
 450  188  195    0    2
 451  189  196    0    2
 452  190  197    0    2
 453  191  198    0    2
 454  192  199    0    2
 455  193  200    0    2
 456  194  201    0    2
 457  195  202    0    2
 458  196  203    0    2
 459  197  204    0    2
 460  198  205    0    2
 461  199  206    0    2
 462  200  207    0    2
 463  201  208    0    2
 464  202  209    0    2
 465  175  210    0    2
 466  176  211    0    2
 467  177  212    0    2
 468  178  213    0    2
 469  179  214    0    2
 470  180  215    0    2
 471  181  216    0    2
 472  210  211    0    2
 473  211  212    0    2
 474  212  213    0    2
 475  213  214    0    2
 476  214  215    0    2
 477  215  216    0    2
 478  182  217    0    2
 479  183  218    0    2
 480  184  219    0    2
 481  185  220    0    2
 482  186  221    0    2
 483  187  222    0    2
 484  188  223    0    2
 485  217  218    0    2
 486  218  219    0    2
 487  219  220    0    2
 488  220  221    0    2
 489  221  222    0    2
 490  222  223    0    2
 491  189  224    0    2
 492  190  225    0    2
 493  191  226    0    2
 494  192  227    0    2
 495  193  228    0    2
 496  194  229    0    2
 497  195  230    0    2
 498  224  225    0    2
 499  225  226    0    2
 500  226  227    0    2
 501  227  228    0    2
 502  228  229    0    2
 503  229  230    0    2
 504  196  231    0    2
 505  197  232    0    2
 506  198  233    0    2
 507  199  234    0    2
 508  200  235    0    2
 509  201  236    0    2
 510  202  237    0    2
 511  231  232    0    2
 512  232  233    0    2
 513  233  234    0    2
 514  234  235    0    2
 515  235  236    0    2
 516  236  237    0    2
 517  203  238    0    2
 518  204  239    0    2
 519  205  240    0    2
 520  206  241    0    2
 521  207  242    0    2
 522  208  243    0    2
 523  209  244    0    2
 524  238  239    0    2
 525  239  240    0    2
 526  240  241    0    2
 527  241  242    0    2
 528  242  243    0    2
 529  243  244    0    2
 530  210  217    0    2
 531  211  218    0    2
 532  212  219    0    2
 533  213  220    0    2
 534  214  221    0    2
 535  215  222    0    2
 536  216  223    0    2
 537  217  224    0    2
 538  218  225    0    2
 539  219  226    0    2
 540  220  227    0    2
 541  221  228    0    2
 542  222  229    0    2
 543  223  230    0    2
 544  224  231    0    2
 545  225  232    0    2
 546  226  233    0    2
 547  227  234    0    2
 548  228  235    0    2
 549  229  236    0    2
 550  230  237    0    2
 551  231  238    0    2
 552  232  239    0    2
 553  233  240    0    2
 554  234  241    0    2
 555  235  242    0    2
 556  236  243    0    2
 557  237  244    0    2
 558  210  245    0    2
 559  211  246    0    2
 560  212  247    0    2
 561  213  248    0    2
 562  214  249    0    2
 563  215  250    0    2
 564  216  251    0    2
 565  245  246    0    2
 566  246  247    0    2
 567  247  248    0    2
 568  248  249    0    2
 569  249  250    0    2
 570  250  251    0    2
 571  217  252    0    2
 572  218  253    0    2
 573  219  254    0    2
 574  220  255    0    2
 575  221  256    0    2
 576  222  257    0    2
 577  223  258    0    2
 578  252  253    0    2
 579  253  254    0    2
 580  254  255    0    2
 581  255  256    0    2
 582  256  257    0    2
 583  257  258    0    2
 584  224  259    0    2
 585  225  260    0    2
 586  226  261    0    2
 587  227  262    0    2
 588  228  263    0    2
 589  229  264    0    2
 590  230  265    0    2
 591  259  260    0    2
 592  260  261    0    2
 593  261  262    0    2
 594  262  263    0    2
 595  263  264    0    2
 596  264  265    0    2
 597  231  266    0    2
 598  232  267    0    2
 599  233  268    0    2
 600  234  269    0    2
 601  235  270    0    2
 602  236  271    0    2
 603  237  272    0    2
 604  266  267    0    2
 605  267  268    0    2
 606  268  269    0    2
 607  269  270    0    2
 608  270  271    0    2
 609  271  272    0    2
 610  238  273    0    2
 611  239  274    0    2
 612  240  275    0    2
 613  241  276    0    2
 614  242  277    0    2
 615  243  278    0    2
 616  244  279    0    2
 617  273  274    0    2
 618  274  275    0    2
 619  275  276    0    2
 620  276  277    0    2
 621  277  278    0    2
 622  278  279    0    2
 623  245  252    0    2
 624  246  253    0    2
 625  247  254    0    2
 626  248  255    0    2
 627  249  256    0    2
 628  250  257    0    2
 629  251  258    0    2
 630  252  259    0    2
 631  253  260    0    2
 632  254  261    0    2
 633  255  262    0    2
 634  256  263    0    2
 635  257  264    0    2
 636  258  265    0    2
 637  259  266    0    2
 638  260  267    0    2
 639  261  268    0    2
 640  262  269    0    2
 641  263  270    0    2
 642  264  271    0    2
 643  265  272    0    2
 644  266  273    0    2
 645  267  274    0    2
 646  268  275    0    2
 647  269  276    0    2
 648  270  277    0    2
 649  271  278    0    2
 650  272  279    0    2
 651  245  280    0    2
 652  246  281    0    2
 653  247  282    0    2
 654  248  283    0    2
 655  249  284    0    2
 656  250  285    0    2
 657  251  286    0    2
 658  280  281    0    2
 659  281  282    0    2
 660  282  283    0    2
 661  283  284    0    2
 662  284  285    0    2
 663  285  286    0    2
 664  252  287    0    2
 665  253  288    0    2
 666  254  289    0    2
 667  255  290    0    2
 668  256  291    0    2
 669  257  292    0    2
 670  258  293    0    2
 671  287  288    0    2
 672  288  289    0    2
 673  289  290    0    2
 674  290  291    0    2
 675  291  292    0    2
 676  292  293    0    2
 677  259  294    0    2
 678  260  295    0    2
 679  261  296    0    2
 680  262  297    0    2
 681  263  298    0    2
 682  264  299    0    2
 683  265  300    0    2
 684  294  295    0    2
 685  295  296    0    2
 686  296  297    0    2
 687  297  298    0    2
 688  298  299    0    2
 689  299  300    0    2
 690  266  301    0    2
 691  267  302    0    2
 692  268  303    0    2
 693  269  304    0    2
 694  270  305    0    2
 695  271  306    0    2
 696  272  307    0    2
 697  301  302    0    2
 698  302  303    0    2
 699  303  304    0    2
 700  304  305    0    2
 701  305  306    0    2
 702  306  307    0    2
 703  273  308    0    2
 704  274  309    0    2
 705  275  310    0    2
 706  276  311    0    2
 707  277  312    0    2
 708  278  313    0    2
 709  279  314    0    2
 710  308  309    0    2
 711  309  310    0    2
 712  310  311    0    2
 713  311  312    0    2
 714  312  313    0    2
 715  313  314    0    2
 716  280  287    0    2
 717  281  288    0    2
 718  282  289    0    2
 719  283  290    0    2
 720  284  291    0    2
 721  285  292    0    2
 722  286  293    0    2
 723  287  294    0    2
 724  288  295    0    2
 725  289  296    0    2
 726  290  297    0    2
 727  291  298    0    2
 728  292  299    0    2
 729  293  300    0    2
 730  294  301    0    2
 731  295  302    0    2
 732  296  303    0    2
 733  297  304    0    2
 734  298  305    0    2
 735  299  306    0    2
 736  300  307    0    2
 737  301  308    0    2
 738  302  309    0    2
 739  303  310    0    2
 740  304  311    0    2
 741  305  312    0    2
 742  306  313    0    2
 743  307  314    0    2
 744  280  315    0    2
 745  281  316    0    2
 746  282  317    0    2
 747  283  318    0    2
 748  284  319    0    2
 749  285  320    0    2
 750  286  321    0    2
 751  315  316    0    2
 752  316  317    0    2
 753  317  318    0    2
 754  318  319    0    2
 755  319  320    0    2
 756  320  321    0    2
 757  287  322    0    2
 758  288  323    0    2
 759  289  324    0    2
 760  290  325    0    2
 761  291  326    0    2
 762  292  327    0    2
 763  293  328    0    2
 764  322  323    0    2
 765  323  324    0    2
 766  324  325    0    2
 767  325  326    0    2
 768  326  327    0    2
 769  327  328    0    2
 770  294  329    0    2
 771  295  330    0    2
 772  296  331    0    2
 773  297  332    0    2
 774  298  333    0    2
 775  299  334    0    2
 776  300  335    0    2
 777  329  330    0    2
 778  330  331    0    2
 779  331  332    0    2
 780  332  333    0    2
 781  333  334    0    2
 782  334  335    0    2
 783  301  336    0    2
 784  302  337    0    2
 785  303  338    0    2
 786  304  339    0    2
 787  305  340    0    2
 788  306  341    0    2
 789  307  342    0    2
 790  336  337    0    2
 791  337  338    0    2
 792  338  339    0    2
 793  339  340    0    2
 794  340  341    0    2
 795  341  342    0    2
 796  308  343    0    2
 797  309  344    0    2
 798  310  345    0    2
 799  311  346    0    2
 800  312  347    0    2
 801  313  348    0    2
 802  314  349    0    2
 803  343  344    0    2
 804  344  345    0    2
 805  345  346    0    2
 806  346  347    0    2
 807  347  348    0    2
 808  348  349    0    2
 809  315  322    0    2
 810  316  323    0    2
 811  317  324    0    2
 812  318  325    0    2
 813  319  326    0    2
 814  320  327    0    2
 815  321  328    0    2
 816  322  329    0    2
 817  323  330    0    2
 818  324  331    0    2
 819  325  332    0    2
 820  326  333    0    2
 821  327  334    0    2
 822  328  335    0    2
 823  329  336    0    2
 824  330  337    0    2
 825  331  338    0    2
 826  332  339    0    2
 827  333  340    0    2
 828  334  341    0    2
 829  335  342    0    2
 830  336  343    0    2
 831  337  344    0    2
 832  338  345    0    2
 833  339  346    0    2
 834  340  347    0    2
 835  341  348    0    2
 836  342  349    0    2
 837  315  350    0    2
 838  316  351    0    2
 839  317  352    0    2
 840  318  353    0    2
 841  319  354    0    2
 842  320  355    0    2
 843  321  356    0    2
 844  350  351    0    2
 845  351  352    0    2
 846  352  353    0    2
 847  353  354    0    2
 848  354  355    0    2
 849  355  356    0    2
 850  322  357    0    2
 851  323  358    0    2
 852  324  359    0    2
 853  325  360    0    2
 854  326  361    0    2
 855  327  362    0    2
 856  328  363    0    2
 857  357  358    0    2
 858  358  359    0    2
 859  359  360    0    2
 860  360  361    0    2
 861  361  362    0    2
 862  362  363    0    2
 863  329  364    0    2
 864  330  365    0    2
 865  331  366    0    2
 866  332  367    0    2
 867  333  368    0    2
 868  334  369    0    2
 869  335  370    0    2
 870  364  365    0    2
 871  365  366    0    2
 872  366  367    0    2
 873  367  368    0    2
 874  368  369    0    2
 875  369  370    0    2
 876  336  371    0    2
 877  337  372    0    2
 878  338  373    0    2
 879  339  374    0    2
 880  340  375    0    2
 881  341  376    0    2
 882  342  377    0    2
 883  371  372    0    2
 884  372  373    0    2
 885  373  374    0    2
 886  374  375    0    2
 887  375  376    0    2
 888  376  377    0    2
 889  343  378    0    2
 890  344  379    0    2
 891  345  380    0    2
 892  346  381    0    2
 893  347  382    0    2
 894  348  383    0    2
 895  349  384    0    2
 896  378  379    0    2
 897  379  380    0    2
 898  380  381    0    2
 899  381  382    0    2
 900  382  383    0    2
 901  383  384    0    2
 902  350  357    0    2
 903  351  358    0    2
 904  352  359    0    2
 905  353  360    0    2
 906  354  361    0    2
 907  355  362    0    2
 908  356  363    0    2
 909  357  364    0    2
 910  358  365    0    2
 911  359  366    0    2
 912  360  367    0    2
 913  361  368    0    2
 914  362  369    0    2
 915  363  370    0    2
 916  364  371    0    2
 917  365  372    0    2
 918  366  373    0    2
 919  367  374    0    2
 920  368  375    0    2
 921  369  376    0    2
 922  370  377    0    2
 923  371  378    0    2
 924  372  379    0    2
 925  373  380    0    2
 926  374  381    0    2
 927  375  382    0    2
 928  376  383    0    2
 929  377  384    0    2
node no., coordinates
0    0.0000    0.0000    0.0000 
1    0.0000    0.0000    0.8571 
2    0.0000    0.0000    1.7143 
3    0.0000    0.0000    2.5714 
4    0.0000    0.0000    3.4286 
5    0.0000    0.0000    4.2857 
6    0.0000    0.0000    5.1429 
7    0.8000    0.0000    0.0000 
8    0.8000    0.0000    0.8571 
9    0.8000    0.0000    1.7143 
10    0.8000    0.0000    2.5714 
11    0.8000    0.0000    3.4286 
12    0.8000    0.0000    4.2857 
13    0.8000    0.0000    5.1429 
14    1.6000    0.0000    0.0000 
15    1.6000    0.0000    0.8571 
16    1.6000    0.0000    1.7143 
17    1.6000    0.0000    2.5714 
18    1.6000    0.0000    3.4286 
19    1.6000    0.0000    4.2857 
20    1.6000    0.0000    5.1429 
21    2.4000    0.0000    0.0000 
22    2.4000    0.0000    0.8571 
23    2.4000    0.0000    1.7143 
24    2.4000    0.0000    2.5714 
25    2.4000    0.0000    3.4286 
26    2.4000    0.0000    4.2857 
27    2.4000    0.0000    5.1429 
28    3.2000    0.0000    0.0000 
29    3.2000    0.0000    0.8571 
30    3.2000    0.0000    1.7143 
31    3.2000    0.0000    2.5714 
32    3.2000    0.0000    3.4286 
33    3.2000    0.0000    4.2857 
34    3.2000    0.0000    5.1429 
35    0.0000    0.9091    0.0000 
36    0.0000    0.9091    0.8571 
37    0.0000    0.9091    1.7143 
38    0.0000    0.9091    2.5714 
39    0.0000    0.9091    3.4286 
40    0.0000    0.9091    4.2857 
41    0.0000    0.9091    5.1429 
42    0.8000    0.9091    0.0000 
43    0.8000    0.9091    0.8571 
44    0.8000    0.9091    1.7143 
45    0.8000    0.9091    2.5714 
46    0.8000    0.9091    3.4286 
47    0.8000    0.9091    4.2857 
48    0.8000    0.9091    5.1429 
49    1.6000    0.9091    0.0000 
50    1.6000    0.9091    0.8571 
51    1.6000    0.9091    1.7143 
52    1.6000    0.9091    2.5714 
53    1.6000    0.9091    3.4286 
54    1.6000    0.9091    4.2857 
55    1.6000    0.9091    5.1429 
56    2.4000    0.9091    0.0000 
57    2.4000    0.9091    0.8571 
58    2.4000    0.9091    1.7143 
59    2.4000    0.9091    2.5714 
60    2.4000    0.9091    3.4286 
61    2.4000    0.9091    4.2857 
62    2.4000    0.9091    5.1429 
63    3.2000    0.9091    0.0000 
64    3.2000    0.9091    0.8571 
65    3.2000    0.9091    1.7143 
66    3.2000    0.9091    2.5714 
67    3.2000    0.9091    3.4286 
68    3.2000    0.9091    4.2857 
69    3.2000    0.9091    5.1429 
70    0.0000    1.8182    0.0000 
71    0.0000    1.8182    0.8571 
72    0.0000    1.8182    1.7143 
73    0.0000    1.8182    2.5714 
74    0.0000    1.8182    3.4286 
75    0.0000    1.8182    4.2857 
76    0.0000    1.8182    5.1429 
77    0.8000    1.8182    0.0000 
78    0.8000    1.8182    0.8571 
79    0.8000    1.8182    1.7143 
80    0.8000    1.8182    2.5714 
81    0.8000    1.8182    3.4286 
82    0.8000    1.8182    4.2857 
83    0.8000    1.8182    5.1429 
84    1.6000    1.8182    0.0000 
85    1.6000    1.8182    0.8571 
86    1.6000    1.8182    1.7143 
87    1.6000    1.8182    2.5714 
88    1.6000    1.8182    3.4286 
89    1.6000    1.8182    4.2857 
90    1.6000    1.8182    5.1429 
91    2.4000    1.8182    0.0000 
92    2.4000    1.8182    0.8571 
93    2.4000    1.8182    1.7143 
94    2.4000    1.8182    2.5714 
95    2.4000    1.8182    3.4286 
96    2.4000    1.8182    4.2857 
97    2.4000    1.8182    5.1429 
98    3.2000    1.8182    0.0000 
99    3.2000    1.8182    0.8571 
100    3.2000    1.8182    1.7143 
101    3.2000    1.8182    2.5714 
102    3.2000    1.8182    3.4286 
103    3.2000    1.8182    4.2857 
104    3.2000    1.8182    5.1429 
105    0.0000    2.7273    0.0000 
106    0.0000    2.7273    0.8571 
107    0.0000    2.7273    1.7143 
108    0.0000    2.7273    2.5714 
109    0.0000    2.7273    3.4286 
110    0.0000    2.7273    4.2857 
111    0.0000    2.7273    5.1429 
112    0.8000    2.7273    0.0000 
113    0.8000    2.7273    0.8571 
114    0.8000    2.7273    1.7143 
115    0.8000    2.7273    2.5714 
116    0.8000    2.7273    3.4286 
117    0.8000    2.7273    4.2857 
118    0.8000    2.7273    5.1429 
119    1.6000    2.7273    0.0000 
120    1.6000    2.7273    0.8571 
121    1.6000    2.7273    1.7143 
122    1.6000    2.7273    2.5714 
123    1.6000    2.7273    3.4286 
124    1.6000    2.7273    4.2857 
125    1.6000    2.7273    5.1429 
126    2.4000    2.7273    0.0000 
127    2.4000    2.7273    0.8571 
128    2.4000    2.7273    1.7143 
129    2.4000    2.7273    2.5714 
130    2.4000    2.7273    3.4286 
131    2.4000    2.7273    4.2857 
132    2.4000    2.7273    5.1429 
133    3.2000    2.7273    0.0000 
134    3.2000    2.7273    0.8571 
135    3.2000    2.7273    1.7143 
136    3.2000    2.7273    2.5714 
137    3.2000    2.7273    3.4286 
138    3.2000    2.7273    4.2857 
139    3.2000    2.7273    5.1429 
140    0.0000    3.6364    0.0000 
141    0.0000    3.6364    0.8571 
142    0.0000    3.6364    1.7143 
143    0.0000    3.6364    2.5714 
144    0.0000    3.6364    3.4286 
145    0.0000    3.6364    4.2857 
146    0.0000    3.6364    5.1429 
147    0.8000    3.6364    0.0000 
148    0.8000    3.6364    0.8571 
149    0.8000    3.6364    1.7143 
150    0.8000    3.6364    2.5714 
151    0.8000    3.6364    3.4286 
152    0.8000    3.6364    4.2857 
153    0.8000    3.6364    5.1429 
154    1.6000    3.6364    0.0000 
155    1.6000    3.6364    0.8571 
156    1.6000    3.6364    1.7143 
157    1.6000    3.6364    2.5714 
158    1.6000    3.6364    3.4286 
159    1.6000    3.6364    4.2857 
160    1.6000    3.6364    5.1429 
161    2.4000    3.6364    0.0000 
162    2.4000    3.6364    0.8571 
163    2.4000    3.6364    1.7143 
164    2.4000    3.6364    2.5714 
165    2.4000    3.6364    3.4286 
166    2.4000    3.6364    4.2857 
167    2.4000    3.6364    5.1429 
168    3.2000    3.6364    0.0000 
169    3.2000    3.6364    0.8571 
170    3.2000    3.6364    1.7143 
171    3.2000    3.6364    2.5714 
172    3.2000    3.6364    3.4286 
173    3.2000    3.6364    4.2857 
174    3.2000    3.6364    5.1429 
175    0.0000    4.5455    0.0000 
176    0.0000    4.5455    0.8571 
177    0.0000    4.5455    1.7143 
178    0.0000    4.5455    2.5714 
179    0.0000    4.5455    3.4286 
180    0.0000    4.5455    4.2857 
181    0.0000    4.5455    5.1429 
182    0.8000    4.5455    0.0000 
183    0.8000    4.5455    0.8571 
184    0.8000    4.5455    1.7143 
185    0.8000    4.5455    2.5714 
186    0.8000    4.5455    3.4286 
187    0.8000    4.5455    4.2857 
188    0.8000    4.5455    5.1429 
189    1.6000    4.5455    0.0000 
190    1.6000    4.5455    0.8571 
191    1.6000    4.5455    1.7143 
192    1.6000    4.5455    2.5714 
193    1.6000    4.5455    3.4286 
194    1.6000    4.5455    4.2857 
195    1.6000    4.5455    5.1429 
196    2.4000    4.5455    0.0000 
197    2.4000    4.5455    0.8571 
198    2.4000    4.5455    1.7143 
199    2.4000    4.5455    2.5714 
200    2.4000    4.5455    3.4286 
201    2.4000    4.5455    4.2857 
202    2.4000    4.5455    5.1429 
203    3.2000    4.5455    0.0000 
204    3.2000    4.5455    0.8571 
205    3.2000    4.5455    1.7143 
206    3.2000    4.5455    2.5714 
207    3.2000    4.5455    3.4286 
208    3.2000    4.5455    4.2857 
209    3.2000    4.5455    5.1429 
210    0.0000    5.4545    0.0000 
211    0.0000    5.4545    0.8571 
212    0.0000    5.4545    1.7143 
213    0.0000    5.4545    2.5714 
214    0.0000    5.4545    3.4286 
215    0.0000    5.4545    4.2857 
216    0.0000    5.4545    5.1429 
217    0.8000    5.4545    0.0000 
218    0.8000    5.4545    0.8571 
219    0.8000    5.4545    1.7143 
220    0.8000    5.4545    2.5714 
221    0.8000    5.4545    3.4286 
222    0.8000    5.4545    4.2857 
223    0.8000    5.4545    5.1429 
224    1.6000    5.4545    0.0000 
225    1.6000    5.4545    0.8571 
226    1.6000    5.4545    1.7143 
227    1.6000    5.4545    2.5714 
228    1.6000    5.4545    3.4286 
229    1.6000    5.4545    4.2857 
230    1.6000    5.4545    5.1429 
231    2.4000    5.4545    0.0000 
232    2.4000    5.4545    0.8571 
233    2.4000    5.4545    1.7143 
234    2.4000    5.4545    2.5714 
235    2.4000    5.4545    3.4286 
236    2.4000    5.4545    4.2857 
237    2.4000    5.4545    5.1429 
238    3.2000    5.4545    0.0000 
239    3.2000    5.4545    0.8571 
240    3.2000    5.4545    1.7143 
241    3.2000    5.4545    2.5714 
242    3.2000    5.4545    3.4286 
243    3.2000    5.4545    4.2857 
244    3.2000    5.4545    5.1429 
245    0.0000    6.3636    0.0000 
246    0.0000    6.3636    0.8571 
247    0.0000    6.3636    1.7143 
248    0.0000    6.3636    2.5714 
249    0.0000    6.3636    3.4286 
250    0.0000    6.3636    4.2857 
251    0.0000    6.3636    5.1429 
252    0.8000    6.3636    0.0000 
253    0.8000    6.3636    0.8571 
254    0.8000    6.3636    1.7143 
255    0.8000    6.3636    2.5714 
256    0.8000    6.3636    3.4286 
257    0.8000    6.3636    4.2857 
258    0.8000    6.3636    5.1429 
259    1.6000    6.3636    0.0000 
260    1.6000    6.3636    0.8571 
261    1.6000    6.3636    1.7143 
262    1.6000    6.3636    2.5714 
263    1.6000    6.3636    3.4286 
264    1.6000    6.3636    4.2857 
265    1.6000    6.3636    5.1429 
266    2.4000    6.3636    0.0000 
267    2.4000    6.3636    0.8571 
268    2.4000    6.3636    1.7143 
269    2.4000    6.3636    2.5714 
270    2.4000    6.3636    3.4286 
271    2.4000    6.3636    4.2857 
272    2.4000    6.3636    5.1429 
273    3.2000    6.3636    0.0000 
274    3.2000    6.3636    0.8571 
275    3.2000    6.3636    1.7143 
276    3.2000    6.3636    2.5714 
277    3.2000    6.3636    3.4286 
278    3.2000    6.3636    4.2857 
279    3.2000    6.3636    5.1429 
280    0.0000    7.2727    0.0000 
281    0.0000    7.2727    0.8571 
282    0.0000    7.2727    1.7143 
283    0.0000    7.2727    2.5714 
284    0.0000    7.2727    3.4286 
285    0.0000    7.2727    4.2857 
286    0.0000    7.2727    5.1429 
287    0.8000    7.2727    0.0000 
288    0.8000    7.2727    0.8571 
289    0.8000    7.2727    1.7143 
290    0.8000    7.2727    2.5714 
291    0.8000    7.2727    3.4286 
292    0.8000    7.2727    4.2857 
293    0.8000    7.2727    5.1429 
294    1.6000    7.2727    0.0000 
295    1.6000    7.2727    0.8571 
296    1.6000    7.2727    1.7143 
297    1.6000    7.2727    2.5714 
298    1.6000    7.2727    3.4286 
299    1.6000    7.2727    4.2857 
300    1.6000    7.2727    5.1429 
301    2.4000    7.2727    0.0000 
302    2.4000    7.2727    0.8571 
303    2.4000    7.2727    1.7143 
304    2.4000    7.2727    2.5714 
305    2.4000    7.2727    3.4286 
306    2.4000    7.2727    4.2857 
307    2.4000    7.2727    5.1429 
308    3.2000    7.2727    0.0000 
309    3.2000    7.2727    0.8571 
310    3.2000    7.2727    1.7143 
311    3.2000    7.2727    2.5714 
312    3.2000    7.2727    3.4286 
313    3.2000    7.2727    4.2857 
314    3.2000    7.2727    5.1429 
315    0.0000    8.1818    0.0000 
316    0.0000    8.1818    0.8571 
317    0.0000    8.1818    1.7143 
318    0.0000    8.1818    2.5714 
319    0.0000    8.1818    3.4286 
320    0.0000    8.1818    4.2857 
321    0.0000    8.1818    5.1429 
322    0.8000    8.1818    0.0000 
323    0.8000    8.1818    0.8571 
324    0.8000    8.1818    1.7143 
325    0.8000    8.1818    2.5714 
326    0.8000    8.1818    3.4286 
327    0.8000    8.1818    4.2857 
328    0.8000    8.1818    5.1429 
329    1.6000    8.1818    0.0000 
330    1.6000    8.1818    0.8571 
331    1.6000    8.1818    1.7143 
332    1.6000    8.1818    2.5714 
333    1.6000    8.1818    3.4286 
334    1.6000    8.1818    4.2857 
335    1.6000    8.1818    5.1429 
336    2.4000    8.1818    0.0000 
337    2.4000    8.1818    0.8571 
338    2.4000    8.1818    1.7143 
339    2.4000    8.1818    2.5714 
340    2.4000    8.1818    3.4286 
341    2.4000    8.1818    4.2857 
342    2.4000    8.1818    5.1429 
343    3.2000    8.1818    0.0000 
344    3.2000    8.1818    0.8571 
345    3.2000    8.1818    1.7143 
346    3.2000    8.1818    2.5714 
347    3.2000    8.1818    3.4286 
348    3.2000    8.1818    4.2857 
349    3.2000    8.1818    5.1429 
350    0.0000    9.0909    0.0000 
351    0.0000    9.0909    0.8571 
352    0.0000    9.0909    1.7143 
353    0.0000    9.0909    2.5714 
354    0.0000    9.0909    3.4286 
355    0.0000    9.0909    4.2857 
356    0.0000    9.0909    5.1429 
357    0.8000    9.0909    0.0000 
358    0.8000    9.0909    0.8571 
359    0.8000    9.0909    1.7143 
360    0.8000    9.0909    2.5714 
361    0.8000    9.0909    3.4286 
362    0.8000    9.0909    4.2857 
363    0.8000    9.0909    5.1429 
364    1.6000    9.0909    0.0000 
365    1.6000    9.0909    0.8571 
366    1.6000    9.0909    1.7143 
367    1.6000    9.0909    2.5714 
368    1.6000    9.0909    3.4286 
369    1.6000    9.0909    4.2857 
370    1.6000    9.0909    5.1429 
371    2.4000    9.0909    0.0000 
372    2.4000    9.0909    0.8571 
373    2.4000    9.0909    1.7143 
374    2.4000    9.0909    2.5714 
375    2.4000    9.0909    3.4286 
376    2.4000    9.0909    4.2857 
377    2.4000    9.0909    5.1429 
378    3.2000    9.0909    0.0000 
379    3.2000    9.0909    0.8571 
380    3.2000    9.0909    1.7143 
381    3.2000    9.0909    2.5714 
382    3.2000    9.0909    3.4286 
383    3.2000    9.0909    4.2857 
384    3.2000    9.0909    5.1429 
element with specified local z axis: x, y, z component
   0   0.000000e+00   0.000000e+00   1.000000e+00
   1   0.000000e+00   0.000000e+00   1.000000e+00
   2   0.000000e+00   0.000000e+00   1.000000e+00
   3   0.000000e+00   0.000000e+00   1.000000e+00
   4   0.000000e+00   0.000000e+00   1.000000e+00
   5   0.000000e+00   0.000000e+00   1.000000e+00
   6   0.000000e+00   0.000000e+00   1.000000e+00
   7   1.000000e+00   0.000000e+00   0.000000e+00
   8   1.000000e+00   0.000000e+00   0.000000e+00
   9   1.000000e+00   0.000000e+00   0.000000e+00
  10   1.000000e+00   0.000000e+00   0.000000e+00
  11   1.000000e+00   0.000000e+00   0.000000e+00
  12   1.000000e+00   0.000000e+00   0.000000e+00
  13   0.000000e+00   0.000000e+00   1.000000e+00
  14   0.000000e+00   0.000000e+00   1.000000e+00
  15   0.000000e+00   0.000000e+00   1.000000e+00
  16   0.000000e+00   0.000000e+00   1.000000e+00
  17   0.000000e+00   0.000000e+00   1.000000e+00
  18   0.000000e+00   0.000000e+00   1.000000e+00
  19   0.000000e+00   0.000000e+00   1.000000e+00
  20   1.000000e+00   0.000000e+00   0.000000e+00
  21   1.000000e+00   0.000000e+00   0.000000e+00
  22   1.000000e+00   0.000000e+00   0.000000e+00
  23   1.000000e+00   0.000000e+00   0.000000e+00
  24   1.000000e+00   0.000000e+00   0.000000e+00
  25   1.000000e+00   0.000000e+00   0.000000e+00
  26   0.000000e+00   0.000000e+00   1.000000e+00
  27   0.000000e+00   0.000000e+00   1.000000e+00
  28   0.000000e+00   0.000000e+00   1.000000e+00
  29   0.000000e+00   0.000000e+00   1.000000e+00
  30   0.000000e+00   0.000000e+00   1.000000e+00
  31   0.000000e+00   0.000000e+00   1.000000e+00
  32   0.000000e+00   0.000000e+00   1.000000e+00
  33   1.000000e+00   0.000000e+00   0.000000e+00
  34   1.000000e+00   0.000000e+00   0.000000e+00
  35   1.000000e+00   0.000000e+00   0.000000e+00
  36   1.000000e+00   0.000000e+00   0.000000e+00
  37   1.000000e+00   0.000000e+00   0.000000e+00
  38   1.000000e+00   0.000000e+00   0.000000e+00
  39   0.000000e+00   0.000000e+00   1.000000e+00
  40   0.000000e+00   0.000000e+00   1.000000e+00
  41   0.000000e+00   0.000000e+00   1.000000e+00
  42   0.000000e+00   0.000000e+00   1.000000e+00
  43   0.000000e+00   0.000000e+00   1.000000e+00
  44   0.000000e+00   0.000000e+00   1.000000e+00
  45   0.000000e+00   0.000000e+00   1.000000e+00
  46   1.000000e+00   0.000000e+00   0.000000e+00
  47   1.000000e+00   0.000000e+00   0.000000e+00
  48   1.000000e+00   0.000000e+00   0.000000e+00
  49   1.000000e+00   0.000000e+00   0.000000e+00
  50   1.000000e+00   0.000000e+00   0.000000e+00
  51   1.000000e+00   0.000000e+00   0.000000e+00
  52   0.000000e+00   0.000000e+00   1.000000e+00
  53   0.000000e+00   0.000000e+00   1.000000e+00
  54   0.000000e+00   0.000000e+00   1.000000e+00
  55   0.000000e+00   0.000000e+00   1.000000e+00
  56   0.000000e+00   0.000000e+00   1.000000e+00
  57   0.000000e+00   0.000000e+00   1.000000e+00
  58   0.000000e+00   0.000000e+00   1.000000e+00
  59   1.000000e+00   0.000000e+00   0.000000e+00
  60   1.000000e+00   0.000000e+00   0.000000e+00
  61   1.000000e+00   0.000000e+00   0.000000e+00
  62   1.000000e+00   0.000000e+00   0.000000e+00
  63   1.000000e+00   0.000000e+00   0.000000e+00
  64   1.000000e+00   0.000000e+00   0.000000e+00
  65   0.000000e+00   1.000000e+00   0.000000e+00
  66   0.000000e+00   1.000000e+00   0.000000e+00
  67   0.000000e+00   1.000000e+00   0.000000e+00
  68   0.000000e+00   1.000000e+00   0.000000e+00
  69   0.000000e+00   1.000000e+00   0.000000e+00
  70   0.000000e+00   1.000000e+00   0.000000e+00
  71   0.000000e+00   1.000000e+00   0.000000e+00
  72   0.000000e+00   1.000000e+00   0.000000e+00
  73   0.000000e+00   1.000000e+00   0.000000e+00
  74   0.000000e+00   1.000000e+00   0.000000e+00
  75   0.000000e+00   1.000000e+00   0.000000e+00
  76   0.000000e+00   1.000000e+00   0.000000e+00
  77   0.000000e+00   1.000000e+00   0.000000e+00
  78   0.000000e+00   1.000000e+00   0.000000e+00
  79   0.000000e+00   1.000000e+00   0.000000e+00
  80   0.000000e+00   1.000000e+00   0.000000e+00
  81   0.000000e+00   1.000000e+00   0.000000e+00
  82   0.000000e+00   1.000000e+00   0.000000e+00
  83   0.000000e+00   1.000000e+00   0.000000e+00
  84   0.000000e+00   1.000000e+00   0.000000e+00
  85   0.000000e+00   1.000000e+00   0.000000e+00
  86   0.000000e+00   1.000000e+00   0.000000e+00
  87   0.000000e+00   1.000000e+00   0.000000e+00
  88   0.000000e+00   1.000000e+00   0.000000e+00
  89   0.000000e+00   1.000000e+00   0.000000e+00
  90   0.000000e+00   1.000000e+00   0.000000e+00
  91   0.000000e+00   1.000000e+00   0.000000e+00
  92   0.000000e+00   1.000000e+00   0.000000e+00
  93   0.000000e+00   0.000000e+00   1.000000e+00
  94   0.000000e+00   0.000000e+00   1.000000e+00
  95   0.000000e+00   0.000000e+00   1.000000e+00
  96   0.000000e+00   0.000000e+00   1.000000e+00
  97   0.000000e+00   0.000000e+00   1.000000e+00
  98   0.000000e+00   0.000000e+00   1.000000e+00
  99   0.000000e+00   0.000000e+00   1.000000e+00
 100   1.000000e+00   0.000000e+00   0.000000e+00
 101   1.000000e+00   0.000000e+00   0.000000e+00
 102   1.000000e+00   0.000000e+00   0.000000e+00
 103   1.000000e+00   0.000000e+00   0.000000e+00
 104   1.000000e+00   0.000000e+00   0.000000e+00
 105   1.000000e+00   0.000000e+00   0.000000e+00
 106   0.000000e+00   0.000000e+00   1.000000e+00
 107   0.000000e+00   0.000000e+00   1.000000e+00
 108   0.000000e+00   0.000000e+00   1.000000e+00
 109   0.000000e+00   0.000000e+00   1.000000e+00
 110   0.000000e+00   0.000000e+00   1.000000e+00
 111   0.000000e+00   0.000000e+00   1.000000e+00
 112   0.000000e+00   0.000000e+00   1.000000e+00
 113   1.000000e+00   0.000000e+00   0.000000e+00
 114   1.000000e+00   0.000000e+00   0.000000e+00
 115   1.000000e+00   0.000000e+00   0.000000e+00
 116   1.000000e+00   0.000000e+00   0.000000e+00
 117   1.000000e+00   0.000000e+00   0.000000e+00
 118   1.000000e+00   0.000000e+00   0.000000e+00
 119   0.000000e+00   0.000000e+00   1.000000e+00
 120   0.000000e+00   0.000000e+00   1.000000e+00
 121   0.000000e+00   0.000000e+00   1.000000e+00
 122   0.000000e+00   0.000000e+00   1.000000e+00
 123   0.000000e+00   0.000000e+00   1.000000e+00
 124   0.000000e+00   0.000000e+00   1.000000e+00
 125   0.000000e+00   0.000000e+00   1.000000e+00
 126   1.000000e+00   0.000000e+00   0.000000e+00
 127   1.000000e+00   0.000000e+00   0.000000e+00
 128   1.000000e+00   0.000000e+00   0.000000e+00
 129   1.000000e+00   0.000000e+00   0.000000e+00
 130   1.000000e+00   0.000000e+00   0.000000e+00
 131   1.000000e+00   0.000000e+00   0.000000e+00
 132   0.000000e+00   0.000000e+00   1.000000e+00
 133   0.000000e+00   0.000000e+00   1.000000e+00
 134   0.000000e+00   0.000000e+00   1.000000e+00
 135   0.000000e+00   0.000000e+00   1.000000e+00
 136   0.000000e+00   0.000000e+00   1.000000e+00
 137   0.000000e+00   0.000000e+00   1.000000e+00
 138   0.000000e+00   0.000000e+00   1.000000e+00
 139   1.000000e+00   0.000000e+00   0.000000e+00
 140   1.000000e+00   0.000000e+00   0.000000e+00
 141   1.000000e+00   0.000000e+00   0.000000e+00
 142   1.000000e+00   0.000000e+00   0.000000e+00
 143   1.000000e+00   0.000000e+00   0.000000e+00
 144   1.000000e+00   0.000000e+00   0.000000e+00
 145   0.000000e+00   0.000000e+00   1.000000e+00
 146   0.000000e+00   0.000000e+00   1.000000e+00
 147   0.000000e+00   0.000000e+00   1.000000e+00
 148   0.000000e+00   0.000000e+00   1.000000e+00
 149   0.000000e+00   0.000000e+00   1.000000e+00
 150   0.000000e+00   0.000000e+00   1.000000e+00
 151   0.000000e+00   0.000000e+00   1.000000e+00
 152   1.000000e+00   0.000000e+00   0.000000e+00
 153   1.000000e+00   0.000000e+00   0.000000e+00
 154   1.000000e+00   0.000000e+00   0.000000e+00
 155   1.000000e+00   0.000000e+00   0.000000e+00
 156   1.000000e+00   0.000000e+00   0.000000e+00
 157   1.000000e+00   0.000000e+00   0.000000e+00
 158   0.000000e+00   1.000000e+00   0.000000e+00
 159   0.000000e+00   1.000000e+00   0.000000e+00
 160   0.000000e+00   1.000000e+00   0.000000e+00
 161   0.000000e+00   1.000000e+00   0.000000e+00
 162   0.000000e+00   1.000000e+00   0.000000e+00
 163   0.000000e+00   1.000000e+00   0.000000e+00
 164   0.000000e+00   1.000000e+00   0.000000e+00
 165   0.000000e+00   1.000000e+00   0.000000e+00
 166   0.000000e+00   1.000000e+00   0.000000e+00
 167   0.000000e+00   1.000000e+00   0.000000e+00
 168   0.000000e+00   1.000000e+00   0.000000e+00
 169   0.000000e+00   1.000000e+00   0.000000e+00
 170   0.000000e+00   1.000000e+00   0.000000e+00
 171   0.000000e+00   1.000000e+00   0.000000e+00
 172   0.000000e+00   1.000000e+00   0.000000e+00
 173   0.000000e+00   1.000000e+00   0.000000e+00
 174   0.000000e+00   1.000000e+00   0.000000e+00
 175   0.000000e+00   1.000000e+00   0.000000e+00
 176   0.000000e+00   1.000000e+00   0.000000e+00
 177   0.000000e+00   1.000000e+00   0.000000e+00
 178   0.000000e+00   1.000000e+00   0.000000e+00
 179   0.000000e+00   1.000000e+00   0.000000e+00
 180   0.000000e+00   1.000000e+00   0.000000e+00
 181   0.000000e+00   1.000000e+00   0.000000e+00
 182   0.000000e+00   1.000000e+00   0.000000e+00
 183   0.000000e+00   1.000000e+00   0.000000e+00
 184   0.000000e+00   1.000000e+00   0.000000e+00
 185   0.000000e+00   1.000000e+00   0.000000e+00
 186   0.000000e+00   0.000000e+00   1.000000e+00
 187   0.000000e+00   0.000000e+00   1.000000e+00
 188   0.000000e+00   0.000000e+00   1.000000e+00
 189   0.000000e+00   0.000000e+00   1.000000e+00
 190   0.000000e+00   0.000000e+00   1.000000e+00
 191   0.000000e+00   0.000000e+00   1.000000e+00
 192   0.000000e+00   0.000000e+00   1.000000e+00
 193   1.000000e+00   0.000000e+00   0.000000e+00
 194   1.000000e+00   0.000000e+00   0.000000e+00
 195   1.000000e+00   0.000000e+00   0.000000e+00
 196   1.000000e+00   0.000000e+00   0.000000e+00
 197   1.000000e+00   0.000000e+00   0.000000e+00
 198   1.000000e+00   0.000000e+00   0.000000e+00
 199   0.000000e+00   0.000000e+00   1.000000e+00
 200   0.000000e+00   0.000000e+00   1.000000e+00
 201   0.000000e+00   0.000000e+00   1.000000e+00
 202   0.000000e+00   0.000000e+00   1.000000e+00
 203   0.000000e+00   0.000000e+00   1.000000e+00
 204   0.000000e+00   0.000000e+00   1.000000e+00
 205   0.000000e+00   0.000000e+00   1.000000e+00
 206   1.000000e+00   0.000000e+00   0.000000e+00
 207   1.000000e+00   0.000000e+00   0.000000e+00
 208   1.000000e+00   0.000000e+00   0.000000e+00
 209   1.000000e+00   0.000000e+00   0.000000e+00
 210   1.000000e+00   0.000000e+00   0.000000e+00
 211   1.000000e+00   0.000000e+00   0.000000e+00
 212   0.000000e+00   0.000000e+00   1.000000e+00
 213   0.000000e+00   0.000000e+00   1.000000e+00
 214   0.000000e+00   0.000000e+00   1.000000e+00
 215   0.000000e+00   0.000000e+00   1.000000e+00
 216   0.000000e+00   0.000000e+00   1.000000e+00
 217   0.000000e+00   0.000000e+00   1.000000e+00
 218   0.000000e+00   0.000000e+00   1.000000e+00
 219   1.000000e+00   0.000000e+00   0.000000e+00
 220   1.000000e+00   0.000000e+00   0.000000e+00
 221   1.000000e+00   0.000000e+00   0.000000e+00
 222   1.000000e+00   0.000000e+00   0.000000e+00
 223   1.000000e+00   0.000000e+00   0.000000e+00
 224   1.000000e+00   0.000000e+00   0.000000e+00
 225   0.000000e+00   0.000000e+00   1.000000e+00
 226   0.000000e+00   0.000000e+00   1.000000e+00
 227   0.000000e+00   0.000000e+00   1.000000e+00
 228   0.000000e+00   0.000000e+00   1.000000e+00
 229   0.000000e+00   0.000000e+00   1.000000e+00
 230   0.000000e+00   0.000000e+00   1.000000e+00
 231   0.000000e+00   0.000000e+00   1.000000e+00
 232   1.000000e+00   0.000000e+00   0.000000e+00
 233   1.000000e+00   0.000000e+00   0.000000e+00
 234   1.000000e+00   0.000000e+00   0.000000e+00
 235   1.000000e+00   0.000000e+00   0.000000e+00
 236   1.000000e+00   0.000000e+00   0.000000e+00
 237   1.000000e+00   0.000000e+00   0.000000e+00
 238   0.000000e+00   0.000000e+00   1.000000e+00
 239   0.000000e+00   0.000000e+00   1.000000e+00
 240   0.000000e+00   0.000000e+00   1.000000e+00
 241   0.000000e+00   0.000000e+00   1.000000e+00
 242   0.000000e+00   0.000000e+00   1.000000e+00
 243   0.000000e+00   0.000000e+00   1.000000e+00
 244   0.000000e+00   0.000000e+00   1.000000e+00
 245   1.000000e+00   0.000000e+00   0.000000e+00
 246   1.000000e+00   0.000000e+00   0.000000e+00
 247   1.000000e+00   0.000000e+00   0.000000e+00
 248   1.000000e+00   0.000000e+00   0.000000e+00
 249   1.000000e+00   0.000000e+00   0.000000e+00
 250   1.000000e+00   0.000000e+00   0.000000e+00
 251   0.000000e+00   1.000000e+00   0.000000e+00
 252   0.000000e+00   1.000000e+00   0.000000e+00
 253   0.000000e+00   1.000000e+00   0.000000e+00
 254   0.000000e+00   1.000000e+00   0.000000e+00
 255   0.000000e+00   1.000000e+00   0.000000e+00
 256   0.000000e+00   1.000000e+00   0.000000e+00
 257   0.000000e+00   1.000000e+00   0.000000e+00
 258   0.000000e+00   1.000000e+00   0.000000e+00
 259   0.000000e+00   1.000000e+00   0.000000e+00
 260   0.000000e+00   1.000000e+00   0.000000e+00
 261   0.000000e+00   1.000000e+00   0.000000e+00
 262   0.000000e+00   1.000000e+00   0.000000e+00
 263   0.000000e+00   1.000000e+00   0.000000e+00
 264   0.000000e+00   1.000000e+00   0.000000e+00
 265   0.000000e+00   1.000000e+00   0.000000e+00
 266   0.000000e+00   1.000000e+00   0.000000e+00
 267   0.000000e+00   1.000000e+00   0.000000e+00
 268   0.000000e+00   1.000000e+00   0.000000e+00
 269   0.000000e+00   1.000000e+00   0.000000e+00
 270   0.000000e+00   1.000000e+00   0.000000e+00
 271   0.000000e+00   1.000000e+00   0.000000e+00
 272   0.000000e+00   1.000000e+00   0.000000e+00
 273   0.000000e+00   1.000000e+00   0.000000e+00
 274   0.000000e+00   1.000000e+00   0.000000e+00
 275   0.000000e+00   1.000000e+00   0.000000e+00
 276   0.000000e+00   1.000000e+00   0.000000e+00
 277   0.000000e+00   1.000000e+00   0.000000e+00
 278   0.000000e+00   1.000000e+00   0.000000e+00
 279   0.000000e+00   0.000000e+00   1.000000e+00
 280   0.000000e+00   0.000000e+00   1.000000e+00
 281   0.000000e+00   0.000000e+00   1.000000e+00
 282   0.000000e+00   0.000000e+00   1.000000e+00
 283   0.000000e+00   0.000000e+00   1.000000e+00
 284   0.000000e+00   0.000000e+00   1.000000e+00
 285   0.000000e+00   0.000000e+00   1.000000e+00
 286   1.000000e+00   0.000000e+00   0.000000e+00
 287   1.000000e+00   0.000000e+00   0.000000e+00
 288   1.000000e+00   0.000000e+00   0.000000e+00
 289   1.000000e+00   0.000000e+00   0.000000e+00
 290   1.000000e+00   0.000000e+00   0.000000e+00
 291   1.000000e+00   0.000000e+00   0.000000e+00
 292   0.000000e+00   0.000000e+00   1.000000e+00
 293   0.000000e+00   0.000000e+00   1.000000e+00
 294   0.000000e+00   0.000000e+00   1.000000e+00
 295   0.000000e+00   0.000000e+00   1.000000e+00
 296   0.000000e+00   0.000000e+00   1.000000e+00
 297   0.000000e+00   0.000000e+00   1.000000e+00
 298   0.000000e+00   0.000000e+00   1.000000e+00
 299   1.000000e+00   0.000000e+00   0.000000e+00
 300   1.000000e+00   0.000000e+00   0.000000e+00
 301   1.000000e+00   0.000000e+00   0.000000e+00
 302   1.000000e+00   0.000000e+00   0.000000e+00
 303   1.000000e+00   0.000000e+00   0.000000e+00
 304   1.000000e+00   0.000000e+00   0.000000e+00
 305   0.000000e+00   0.000000e+00   1.000000e+00
 306   0.000000e+00   0.000000e+00   1.000000e+00
 307   0.000000e+00   0.000000e+00   1.000000e+00
 308   0.000000e+00   0.000000e+00   1.000000e+00
 309   0.000000e+00   0.000000e+00   1.000000e+00
 310   0.000000e+00   0.000000e+00   1.000000e+00
 311   0.000000e+00   0.000000e+00   1.000000e+00
 312   1.000000e+00   0.000000e+00   0.000000e+00
 313   1.000000e+00   0.000000e+00   0.000000e+00
 314   1.000000e+00   0.000000e+00   0.000000e+00
 315   1.000000e+00   0.000000e+00   0.000000e+00
 316   1.000000e+00   0.000000e+00   0.000000e+00
 317   1.000000e+00   0.000000e+00   0.000000e+00
 318   0.000000e+00   0.000000e+00   1.000000e+00
 319   0.000000e+00   0.000000e+00   1.000000e+00
 320   0.000000e+00   0.000000e+00   1.000000e+00
 321   0.000000e+00   0.000000e+00   1.000000e+00
 322   0.000000e+00   0.000000e+00   1.000000e+00
 323   0.000000e+00   0.000000e+00   1.000000e+00
 324   0.000000e+00   0.000000e+00   1.000000e+00
 325   1.000000e+00   0.000000e+00   0.000000e+00
 326   1.000000e+00   0.000000e+00   0.000000e+00
 327   1.000000e+00   0.000000e+00   0.000000e+00
 328   1.000000e+00   0.000000e+00   0.000000e+00
 329   1.000000e+00   0.000000e+00   0.000000e+00
 330   1.000000e+00   0.000000e+00   0.000000e+00
 331   0.000000e+00   0.000000e+00   1.000000e+00
 332   0.000000e+00   0.000000e+00   1.000000e+00
 333   0.000000e+00   0.000000e+00   1.000000e+00
 334   0.000000e+00   0.000000e+00   1.000000e+00
 335   0.000000e+00   0.000000e+00   1.000000e+00
 336   0.000000e+00   0.000000e+00   1.000000e+00
 337   0.000000e+00   0.000000e+00   1.000000e+00
 338   1.000000e+00   0.000000e+00   0.000000e+00
 339   1.000000e+00   0.000000e+00   0.000000e+00
 340   1.000000e+00   0.000000e+00   0.000000e+00
 341   1.000000e+00   0.000000e+00   0.000000e+00
 342   1.000000e+00   0.000000e+00   0.000000e+00
 343   1.000000e+00   0.000000e+00   0.000000e+00
 344   0.000000e+00   1.000000e+00   0.000000e+00
 345   0.000000e+00   1.000000e+00   0.000000e+00
 346   0.000000e+00   1.000000e+00   0.000000e+00
 347   0.000000e+00   1.000000e+00   0.000000e+00
 348   0.000000e+00   1.000000e+00   0.000000e+00
 349   0.000000e+00   1.000000e+00   0.000000e+00
 350   0.000000e+00   1.000000e+00   0.000000e+00
 351   0.000000e+00   1.000000e+00   0.000000e+00
 352   0.000000e+00   1.000000e+00   0.000000e+00
 353   0.000000e+00   1.000000e+00   0.000000e+00
 354   0.000000e+00   1.000000e+00   0.000000e+00
 355   0.000000e+00   1.000000e+00   0.000000e+00
 356   0.000000e+00   1.000000e+00   0.000000e+00
 357   0.000000e+00   1.000000e+00   0.000000e+00
 358   0.000000e+00   1.000000e+00   0.000000e+00
 359   0.000000e+00   1.000000e+00   0.000000e+00
 360   0.000000e+00   1.000000e+00   0.000000e+00
 361   0.000000e+00   1.000000e+00   0.000000e+00
 362   0.000000e+00   1.000000e+00   0.000000e+00
 363   0.000000e+00   1.000000e+00   0.000000e+00
 364   0.000000e+00   1.000000e+00   0.000000e+00
 365   0.000000e+00   1.000000e+00   0.000000e+00
 366   0.000000e+00   1.000000e+00   0.000000e+00
 367   0.000000e+00   1.000000e+00   0.000000e+00
 368   0.000000e+00   1.000000e+00   0.000000e+00
 369   0.000000e+00   1.000000e+00   0.000000e+00
 370   0.000000e+00   1.000000e+00   0.000000e+00
 371   0.000000e+00   1.000000e+00   0.000000e+00
 372   0.000000e+00   0.000000e+00   1.000000e+00
 373   0.000000e+00   0.000000e+00   1.000000e+00
 374   0.000000e+00   0.000000e+00   1.000000e+00
 375   0.000000e+00   0.000000e+00   1.000000e+00
 376   0.000000e+00   0.000000e+00   1.000000e+00
 377   0.000000e+00   0.000000e+00   1.000000e+00
 378   0.000000e+00   0.000000e+00   1.000000e+00
 379   1.000000e+00   0.000000e+00   0.000000e+00
 380   1.000000e+00   0.000000e+00   0.000000e+00
 381   1.000000e+00   0.000000e+00   0.000000e+00
 382   1.000000e+00   0.000000e+00   0.000000e+00
 383   1.000000e+00   0.000000e+00   0.000000e+00
 384   1.000000e+00   0.000000e+00   0.000000e+00
 385   0.000000e+00   0.000000e+00   1.000000e+00
 386   0.000000e+00   0.000000e+00   1.000000e+00
 387   0.000000e+00   0.000000e+00   1.000000e+00
 388   0.000000e+00   0.000000e+00   1.000000e+00
 389   0.000000e+00   0.000000e+00   1.000000e+00
 390   0.000000e+00   0.000000e+00   1.000000e+00
 391   0.000000e+00   0.000000e+00   1.000000e+00
 392   1.000000e+00   0.000000e+00   0.000000e+00
 393   1.000000e+00   0.000000e+00   0.000000e+00
 394   1.000000e+00   0.000000e+00   0.000000e+00
 395   1.000000e+00   0.000000e+00   0.000000e+00
 396   1.000000e+00   0.000000e+00   0.000000e+00
 397   1.000000e+00   0.000000e+00   0.000000e+00
 398   0.000000e+00   0.000000e+00   1.000000e+00
 399   0.000000e+00   0.000000e+00   1.000000e+00
 400   0.000000e+00   0.000000e+00   1.000000e+00
 401   0.000000e+00   0.000000e+00   1.000000e+00
 402   0.000000e+00   0.000000e+00   1.000000e+00
 403   0.000000e+00   0.000000e+00   1.000000e+00
 404   0.000000e+00   0.000000e+00   1.000000e+00
 405   1.000000e+00   0.000000e+00   0.000000e+00
 406   1.000000e+00   0.000000e+00   0.000000e+00
 407   1.000000e+00   0.000000e+00   0.000000e+00
 408   1.000000e+00   0.000000e+00   0.000000e+00
 409   1.000000e+00   0.000000e+00   0.000000e+00
 410   1.000000e+00   0.000000e+00   0.000000e+00
 411   0.000000e+00   0.000000e+00   1.000000e+00
 412   0.000000e+00   0.000000e+00   1.000000e+00
 413   0.000000e+00   0.000000e+00   1.000000e+00
 414   0.000000e+00   0.000000e+00   1.000000e+00
 415   0.000000e+00   0.000000e+00   1.000000e+00
 416   0.000000e+00   0.000000e+00   1.000000e+00
 417   0.000000e+00   0.000000e+00   1.000000e+00
 418   1.000000e+00   0.000000e+00   0.000000e+00
 419   1.000000e+00   0.000000e+00   0.000000e+00
 420   1.000000e+00   0.000000e+00   0.000000e+00
 421   1.000000e+00   0.000000e+00   0.000000e+00
 422   1.000000e+00   0.000000e+00   0.000000e+00
 423   1.000000e+00   0.000000e+00   0.000000e+00
 424   0.000000e+00   0.000000e+00   1.000000e+00
 425   0.000000e+00   0.000000e+00   1.000000e+00
 426   0.000000e+00   0.000000e+00   1.000000e+00
 427   0.000000e+00   0.000000e+00   1.000000e+00
 428   0.000000e+00   0.000000e+00   1.000000e+00
 429   0.000000e+00   0.000000e+00   1.000000e+00
 430   0.000000e+00   0.000000e+00   1.000000e+00
 431   1.000000e+00   0.000000e+00   0.000000e+00
 432   1.000000e+00   0.000000e+00   0.000000e+00
 433   1.000000e+00   0.000000e+00   0.000000e+00
 434   1.000000e+00   0.000000e+00   0.000000e+00
 435   1.000000e+00   0.000000e+00   0.000000e+00
 436   1.000000e+00   0.000000e+00   0.000000e+00
 437   0.000000e+00   1.000000e+00   0.000000e+00
 438   0.000000e+00   1.000000e+00   0.000000e+00
 439   0.000000e+00   1.000000e+00   0.000000e+00
 440   0.000000e+00   1.000000e+00   0.000000e+00
 441   0.000000e+00   1.000000e+00   0.000000e+00
 442   0.000000e+00   1.000000e+00   0.000000e+00
 443   0.000000e+00   1.000000e+00   0.000000e+00
 444   0.000000e+00   1.000000e+00   0.000000e+00
 445   0.000000e+00   1.000000e+00   0.000000e+00
 446   0.000000e+00   1.000000e+00   0.000000e+00
 447   0.000000e+00   1.000000e+00   0.000000e+00
 448   0.000000e+00   1.000000e+00   0.000000e+00
 449   0.000000e+00   1.000000e+00   0.000000e+00
 450   0.000000e+00   1.000000e+00   0.000000e+00
 451   0.000000e+00   1.000000e+00   0.000000e+00
 452   0.000000e+00   1.000000e+00   0.000000e+00
 453   0.000000e+00   1.000000e+00   0.000000e+00
 454   0.000000e+00   1.000000e+00   0.000000e+00
 455   0.000000e+00   1.000000e+00   0.000000e+00
 456   0.000000e+00   1.000000e+00   0.000000e+00
 457   0.000000e+00   1.000000e+00   0.000000e+00
 458   0.000000e+00   1.000000e+00   0.000000e+00
 459   0.000000e+00   1.000000e+00   0.000000e+00
 460   0.000000e+00   1.000000e+00   0.000000e+00
 461   0.000000e+00   1.000000e+00   0.000000e+00
 462   0.000000e+00   1.000000e+00   0.000000e+00
 463   0.000000e+00   1.000000e+00   0.000000e+00
 464   0.000000e+00   1.000000e+00   0.000000e+00
 465   0.000000e+00   0.000000e+00   1.000000e+00
 466   0.000000e+00   0.000000e+00   1.000000e+00
 467   0.000000e+00   0.000000e+00   1.000000e+00
 468   0.000000e+00   0.000000e+00   1.000000e+00
 469   0.000000e+00   0.000000e+00   1.000000e+00
 470   0.000000e+00   0.000000e+00   1.000000e+00
 471   0.000000e+00   0.000000e+00   1.000000e+00
 472   1.000000e+00   0.000000e+00   0.000000e+00
 473   1.000000e+00   0.000000e+00   0.000000e+00
 474   1.000000e+00   0.000000e+00   0.000000e+00
 475   1.000000e+00   0.000000e+00   0.000000e+00
 476   1.000000e+00   0.000000e+00   0.000000e+00
 477   1.000000e+00   0.000000e+00   0.000000e+00
 478   0.000000e+00   0.000000e+00   1.000000e+00
 479   0.000000e+00   0.000000e+00   1.000000e+00
 480   0.000000e+00   0.000000e+00   1.000000e+00
 481   0.000000e+00   0.000000e+00   1.000000e+00
 482   0.000000e+00   0.000000e+00   1.000000e+00
 483   0.000000e+00   0.000000e+00   1.000000e+00
 484   0.000000e+00   0.000000e+00   1.000000e+00
 485   1.000000e+00   0.000000e+00   0.000000e+00
 486   1.000000e+00   0.000000e+00   0.000000e+00
 487   1.000000e+00   0.000000e+00   0.000000e+00
 488   1.000000e+00   0.000000e+00   0.000000e+00
 489   1.000000e+00   0.000000e+00   0.000000e+00
 490   1.000000e+00   0.000000e+00   0.000000e+00
 491   0.000000e+00   0.000000e+00   1.000000e+00
 492   0.000000e+00   0.000000e+00   1.000000e+00
 493   0.000000e+00   0.000000e+00   1.000000e+00
 494   0.000000e+00   0.000000e+00   1.000000e+00
 495   0.000000e+00   0.000000e+00   1.000000e+00
 496   0.000000e+00   0.000000e+00   1.000000e+00
 497   0.000000e+00   0.000000e+00   1.000000e+00
 498   1.000000e+00   0.000000e+00   0.000000e+00
 499   1.000000e+00   0.000000e+00   0.000000e+00
 500   1.000000e+00   0.000000e+00   0.000000e+00
 501   1.000000e+00   0.000000e+00   0.000000e+00
 502   1.000000e+00   0.000000e+00   0.000000e+00
 503   1.000000e+00   0.000000e+00   0.000000e+00
 504   0.000000e+00   0.000000e+00   1.000000e+00
 505   0.000000e+00   0.000000e+00   1.000000e+00
 506   0.000000e+00   0.000000e+00   1.000000e+00
 507   0.000000e+00   0.000000e+00   1.000000e+00
 508   0.000000e+00   0.000000e+00   1.000000e+00
 509   0.000000e+00   0.000000e+00   1.000000e+00
 510   0.000000e+00   0.000000e+00   1.000000e+00
 511   1.000000e+00   0.000000e+00   0.000000e+00
 512   1.000000e+00   0.000000e+00   0.000000e+00
 513   1.000000e+00   0.000000e+00   0.000000e+00
 514   1.000000e+00   0.000000e+00   0.000000e+00
 515   1.000000e+00   0.000000e+00   0.000000e+00
 516   1.000000e+00   0.000000e+00   0.000000e+00
 517   0.000000e+00   0.000000e+00   1.000000e+00
 518   0.000000e+00   0.000000e+00   1.000000e+00
 519   0.000000e+00   0.000000e+00   1.000000e+00
 520   0.000000e+00   0.000000e+00   1.000000e+00
 521   0.000000e+00   0.000000e+00   1.000000e+00
 522   0.000000e+00   0.000000e+00   1.000000e+00
 523   0.000000e+00   0.000000e+00   1.000000e+00
 524   1.000000e+00   0.000000e+00   0.000000e+00
 525   1.000000e+00   0.000000e+00   0.000000e+00
 526   1.000000e+00   0.000000e+00   0.000000e+00
 527   1.000000e+00   0.000000e+00   0.000000e+00
 528   1.000000e+00   0.000000e+00   0.000000e+00
 529   1.000000e+00   0.000000e+00   0.000000e+00
 530   0.000000e+00   1.000000e+00   0.000000e+00
 531   0.000000e+00   1.000000e+00   0.000000e+00
 532   0.000000e+00   1.000000e+00   0.000000e+00
 533   0.000000e+00   1.000000e+00   0.000000e+00
 534   0.000000e+00   1.000000e+00   0.000000e+00
 535   0.000000e+00   1.000000e+00   0.000000e+00
 536   0.000000e+00   1.000000e+00   0.000000e+00
 537   0.000000e+00   1.000000e+00   0.000000e+00
 538   0.000000e+00   1.000000e+00   0.000000e+00
 539   0.000000e+00   1.000000e+00   0.000000e+00
 540   0.000000e+00   1.000000e+00   0.000000e+00
 541   0.000000e+00   1.000000e+00   0.000000e+00
 542   0.000000e+00   1.000000e+00   0.000000e+00
 543   0.000000e+00   1.000000e+00   0.000000e+00
 544   0.000000e+00   1.000000e+00   0.000000e+00
 545   0.000000e+00   1.000000e+00   0.000000e+00
 546   0.000000e+00   1.000000e+00   0.000000e+00
 547   0.000000e+00   1.000000e+00   0.000000e+00
 548   0.000000e+00   1.000000e+00   0.000000e+00
 549   0.000000e+00   1.000000e+00   0.000000e+00
 550   0.000000e+00   1.000000e+00   0.000000e+00
 551   0.000000e+00   1.000000e+00   0.000000e+00
 552   0.000000e+00   1.000000e+00   0.000000e+00
 553   0.000000e+00   1.000000e+00   0.000000e+00
 554   0.000000e+00   1.000000e+00   0.000000e+00
 555   0.000000e+00   1.000000e+00   0.000000e+00
 556   0.000000e+00   1.000000e+00   0.000000e+00
 557   0.000000e+00   1.000000e+00   0.000000e+00
 558   0.000000e+00   0.000000e+00   1.000000e+00
 559   0.000000e+00   0.000000e+00   1.000000e+00
 560   0.000000e+00   0.000000e+00   1.000000e+00
 561   0.000000e+00   0.000000e+00   1.000000e+00
 562   0.000000e+00   0.000000e+00   1.000000e+00
 563   0.000000e+00   0.000000e+00   1.000000e+00
 564   0.000000e+00   0.000000e+00   1.000000e+00
 565   1.000000e+00   0.000000e+00   0.000000e+00
 566   1.000000e+00   0.000000e+00   0.000000e+00
 567   1.000000e+00   0.000000e+00   0.000000e+00
 568   1.000000e+00   0.000000e+00   0.000000e+00
 569   1.000000e+00   0.000000e+00   0.000000e+00
 570   1.000000e+00   0.000000e+00   0.000000e+00
 571   0.000000e+00   0.000000e+00   1.000000e+00
 572   0.000000e+00   0.000000e+00   1.000000e+00
 573   0.000000e+00   0.000000e+00   1.000000e+00
 574   0.000000e+00   0.000000e+00   1.000000e+00
 575   0.000000e+00   0.000000e+00   1.000000e+00
 576   0.000000e+00   0.000000e+00   1.000000e+00
 577   0.000000e+00   0.000000e+00   1.000000e+00
 578   1.000000e+00   0.000000e+00   0.000000e+00
 579   1.000000e+00   0.000000e+00   0.000000e+00
 580   1.000000e+00   0.000000e+00   0.000000e+00
 581   1.000000e+00   0.000000e+00   0.000000e+00
 582   1.000000e+00   0.000000e+00   0.000000e+00
 583   1.000000e+00   0.000000e+00   0.000000e+00
 584   0.000000e+00   0.000000e+00   1.000000e+00
 585   0.000000e+00   0.000000e+00   1.000000e+00
 586   0.000000e+00   0.000000e+00   1.000000e+00
 587   0.000000e+00   0.000000e+00   1.000000e+00
 588   0.000000e+00   0.000000e+00   1.000000e+00
 589   0.000000e+00   0.000000e+00   1.000000e+00
 590   0.000000e+00   0.000000e+00   1.000000e+00
 591   1.000000e+00   0.000000e+00   0.000000e+00
 592   1.000000e+00   0.000000e+00   0.000000e+00
 593   1.000000e+00   0.000000e+00   0.000000e+00
 594   1.000000e+00   0.000000e+00   0.000000e+00
 595   1.000000e+00   0.000000e+00   0.000000e+00
 596   1.000000e+00   0.000000e+00   0.000000e+00
 597   0.000000e+00   0.000000e+00   1.000000e+00
 598   0.000000e+00   0.000000e+00   1.000000e+00
 599   0.000000e+00   0.000000e+00   1.000000e+00
 600   0.000000e+00   0.000000e+00   1.000000e+00
 601   0.000000e+00   0.000000e+00   1.000000e+00
 602   0.000000e+00   0.000000e+00   1.000000e+00
 603   0.000000e+00   0.000000e+00   1.000000e+00
 604   1.000000e+00   0.000000e+00   0.000000e+00
 605   1.000000e+00   0.000000e+00   0.000000e+00
 606   1.000000e+00   0.000000e+00   0.000000e+00
 607   1.000000e+00   0.000000e+00   0.000000e+00
 608   1.000000e+00   0.000000e+00   0.000000e+00
 609   1.000000e+00   0.000000e+00   0.000000e+00
 610   0.000000e+00   0.000000e+00   1.000000e+00
 611   0.000000e+00   0.000000e+00   1.000000e+00
 612   0.000000e+00   0.000000e+00   1.000000e+00
 613   0.000000e+00   0.000000e+00   1.000000e+00
 614   0.000000e+00   0.000000e+00   1.000000e+00
 615   0.000000e+00   0.000000e+00   1.000000e+00
 616   0.000000e+00   0.000000e+00   1.000000e+00
 617   1.000000e+00   0.000000e+00   0.000000e+00
 618   1.000000e+00   0.000000e+00   0.000000e+00
 619   1.000000e+00   0.000000e+00   0.000000e+00
 620   1.000000e+00   0.000000e+00   0.000000e+00
 621   1.000000e+00   0.000000e+00   0.000000e+00
 622   1.000000e+00   0.000000e+00   0.000000e+00
 623   0.000000e+00   1.000000e+00   0.000000e+00
 624   0.000000e+00   1.000000e+00   0.000000e+00
 625   0.000000e+00   1.000000e+00   0.000000e+00
 626   0.000000e+00   1.000000e+00   0.000000e+00
 627   0.000000e+00   1.000000e+00   0.000000e+00
 628   0.000000e+00   1.000000e+00   0.000000e+00
 629   0.000000e+00   1.000000e+00   0.000000e+00
 630   0.000000e+00   1.000000e+00   0.000000e+00
 631   0.000000e+00   1.000000e+00   0.000000e+00
 632   0.000000e+00   1.000000e+00   0.000000e+00
 633   0.000000e+00   1.000000e+00   0.000000e+00
 634   0.000000e+00   1.000000e+00   0.000000e+00
 635   0.000000e+00   1.000000e+00   0.000000e+00
 636   0.000000e+00   1.000000e+00   0.000000e+00
 637   0.000000e+00   1.000000e+00   0.000000e+00
 638   0.000000e+00   1.000000e+00   0.000000e+00
 639   0.000000e+00   1.000000e+00   0.000000e+00
 640   0.000000e+00   1.000000e+00   0.000000e+00
 641   0.000000e+00   1.000000e+00   0.000000e+00
 642   0.000000e+00   1.000000e+00   0.000000e+00
 643   0.000000e+00   1.000000e+00   0.000000e+00
 644   0.000000e+00   1.000000e+00   0.000000e+00
 645   0.000000e+00   1.000000e+00   0.000000e+00
 646   0.000000e+00   1.000000e+00   0.000000e+00
 647   0.000000e+00   1.000000e+00   0.000000e+00
 648   0.000000e+00   1.000000e+00   0.000000e+00
 649   0.000000e+00   1.000000e+00   0.000000e+00
 650   0.000000e+00   1.000000e+00   0.000000e+00
 651   0.000000e+00   0.000000e+00   1.000000e+00
 652   0.000000e+00   0.000000e+00   1.000000e+00
 653   0.000000e+00   0.000000e+00   1.000000e+00
 654   0.000000e+00   0.000000e+00   1.000000e+00
 655   0.000000e+00   0.000000e+00   1.000000e+00
 656   0.000000e+00   0.000000e+00   1.000000e+00
 657   0.000000e+00   0.000000e+00   1.000000e+00
 658   1.000000e+00   0.000000e+00   0.000000e+00
 659   1.000000e+00   0.000000e+00   0.000000e+00
 660   1.000000e+00   0.000000e+00   0.000000e+00
 661   1.000000e+00   0.000000e+00   0.000000e+00
 662   1.000000e+00   0.000000e+00   0.000000e+00
 663   1.000000e+00   0.000000e+00   0.000000e+00
 664   0.000000e+00   0.000000e+00   1.000000e+00
 665   0.000000e+00   0.000000e+00   1.000000e+00
 666   0.000000e+00   0.000000e+00   1.000000e+00
 667   0.000000e+00   0.000000e+00   1.000000e+00
 668   0.000000e+00   0.000000e+00   1.000000e+00
 669   0.000000e+00   0.000000e+00   1.000000e+00
 670   0.000000e+00   0.000000e+00   1.000000e+00
 671   1.000000e+00   0.000000e+00   0.000000e+00
 672   1.000000e+00   0.000000e+00   0.000000e+00
 673   1.000000e+00   0.000000e+00   0.000000e+00
 674   1.000000e+00   0.000000e+00   0.000000e+00
 675   1.000000e+00   0.000000e+00   0.000000e+00
 676   1.000000e+00   0.000000e+00   0.000000e+00
 677   0.000000e+00   0.000000e+00   1.000000e+00
 678   0.000000e+00   0.000000e+00   1.000000e+00
 679   0.000000e+00   0.000000e+00   1.000000e+00
 680   0.000000e+00   0.000000e+00   1.000000e+00
 681   0.000000e+00   0.000000e+00   1.000000e+00
 682   0.000000e+00   0.000000e+00   1.000000e+00
 683   0.000000e+00   0.000000e+00   1.000000e+00
 684   1.000000e+00   0.000000e+00   0.000000e+00
 685   1.000000e+00   0.000000e+00   0.000000e+00
 686   1.000000e+00   0.000000e+00   0.000000e+00
 687   1.000000e+00   0.000000e+00   0.000000e+00
 688   1.000000e+00   0.000000e+00   0.000000e+00
 689   1.000000e+00   0.000000e+00   0.000000e+00
 690   0.000000e+00   0.000000e+00   1.000000e+00
 691   0.000000e+00   0.000000e+00   1.000000e+00
 692   0.000000e+00   0.000000e+00   1.000000e+00
 693   0.000000e+00   0.000000e+00   1.000000e+00
 694   0.000000e+00   0.000000e+00   1.000000e+00
 695   0.000000e+00   0.000000e+00   1.000000e+00
 696   0.000000e+00   0.000000e+00   1.000000e+00
 697   1.000000e+00   0.000000e+00   0.000000e+00
 698   1.000000e+00   0.000000e+00   0.000000e+00
 699   1.000000e+00   0.000000e+00   0.000000e+00
 700   1.000000e+00   0.000000e+00   0.000000e+00
 701   1.000000e+00   0.000000e+00   0.000000e+00
 702   1.000000e+00   0.000000e+00   0.000000e+00
 703   0.000000e+00   0.000000e+00   1.000000e+00
 704   0.000000e+00   0.000000e+00   1.000000e+00
 705   0.000000e+00   0.000000e+00   1.000000e+00
 706   0.000000e+00   0.000000e+00   1.000000e+00
 707   0.000000e+00   0.000000e+00   1.000000e+00
 708   0.000000e+00   0.000000e+00   1.000000e+00
 709   0.000000e+00   0.000000e+00   1.000000e+00
 710   1.000000e+00   0.000000e+00   0.000000e+00
 711   1.000000e+00   0.000000e+00   0.000000e+00
 712   1.000000e+00   0.000000e+00   0.000000e+00
 713   1.000000e+00   0.000000e+00   0.000000e+00
 714   1.000000e+00   0.000000e+00   0.000000e+00
 715   1.000000e+00   0.000000e+00   0.000000e+00
 716   0.000000e+00   1.000000e+00   0.000000e+00
 717   0.000000e+00   1.000000e+00   0.000000e+00
 718   0.000000e+00   1.000000e+00   0.000000e+00
 719   0.000000e+00   1.000000e+00   0.000000e+00
 720   0.000000e+00   1.000000e+00   0.000000e+00
 721   0.000000e+00   1.000000e+00   0.000000e+00
 722   0.000000e+00   1.000000e+00   0.000000e+00
 723   0.000000e+00   1.000000e+00   0.000000e+00
 724   0.000000e+00   1.000000e+00   0.000000e+00
 725   0.000000e+00   1.000000e+00   0.000000e+00
 726   0.000000e+00   1.000000e+00   0.000000e+00
 727   0.000000e+00   1.000000e+00   0.000000e+00
 728   0.000000e+00   1.000000e+00   0.000000e+00
 729   0.000000e+00   1.000000e+00   0.000000e+00
 730   0.000000e+00   1.000000e+00   0.000000e+00
 731   0.000000e+00   1.000000e+00   0.000000e+00
 732   0.000000e+00   1.000000e+00   0.000000e+00
 733   0.000000e+00   1.000000e+00   0.000000e+00
 734   0.000000e+00   1.000000e+00   0.000000e+00
 735   0.000000e+00   1.000000e+00   0.000000e+00
 736   0.000000e+00   1.000000e+00   0.000000e+00
 737   0.000000e+00   1.000000e+00   0.000000e+00
 738   0.000000e+00   1.000000e+00   0.000000e+00
 739   0.000000e+00   1.000000e+00   0.000000e+00
 740   0.000000e+00   1.000000e+00   0.000000e+00
 741   0.000000e+00   1.000000e+00   0.000000e+00
 742   0.000000e+00   1.000000e+00   0.000000e+00
 743   0.000000e+00   1.000000e+00   0.000000e+00
 744   0.000000e+00   0.000000e+00   1.000000e+00
 745   0.000000e+00   0.000000e+00   1.000000e+00
 746   0.000000e+00   0.000000e+00   1.000000e+00
 747   0.000000e+00   0.000000e+00   1.000000e+00
 748   0.000000e+00   0.000000e+00   1.000000e+00
 749   0.000000e+00   0.000000e+00   1.000000e+00
 750   0.000000e+00   0.000000e+00   1.000000e+00
 751   1.000000e+00   0.000000e+00   0.000000e+00
 752   1.000000e+00   0.000000e+00   0.000000e+00
 753   1.000000e+00   0.000000e+00   0.000000e+00
 754   1.000000e+00   0.000000e+00   0.000000e+00
 755   1.000000e+00   0.000000e+00   0.000000e+00
 756   1.000000e+00   0.000000e+00   0.000000e+00
 757   0.000000e+00   0.000000e+00   1.000000e+00
 758   0.000000e+00   0.000000e+00   1.000000e+00
 759   0.000000e+00   0.000000e+00   1.000000e+00
 760   0.000000e+00   0.000000e+00   1.000000e+00
 761   0.000000e+00   0.000000e+00   1.000000e+00
 762   0.000000e+00   0.000000e+00   1.000000e+00
 763   0.000000e+00   0.000000e+00   1.000000e+00
 764   1.000000e+00   0.000000e+00   0.000000e+00
 765   1.000000e+00   0.000000e+00   0.000000e+00
 766   1.000000e+00   0.000000e+00   0.000000e+00
 767   1.000000e+00   0.000000e+00   0.000000e+00
 768   1.000000e+00   0.000000e+00   0.000000e+00
 769   1.000000e+00   0.000000e+00   0.000000e+00
 770   0.000000e+00   0.000000e+00   1.000000e+00
 771   0.000000e+00   0.000000e+00   1.000000e+00
 772   0.000000e+00   0.000000e+00   1.000000e+00
 773   0.000000e+00   0.000000e+00   1.000000e+00
 774   0.000000e+00   0.000000e+00   1.000000e+00
 775   0.000000e+00   0.000000e+00   1.000000e+00
 776   0.000000e+00   0.000000e+00   1.000000e+00
 777   1.000000e+00   0.000000e+00   0.000000e+00
 778   1.000000e+00   0.000000e+00   0.000000e+00
 779   1.000000e+00   0.000000e+00   0.000000e+00
 780   1.000000e+00   0.000000e+00   0.000000e+00
 781   1.000000e+00   0.000000e+00   0.000000e+00
 782   1.000000e+00   0.000000e+00   0.000000e+00
 783   0.000000e+00   0.000000e+00   1.000000e+00
 784   0.000000e+00   0.000000e+00   1.000000e+00
 785   0.000000e+00   0.000000e+00   1.000000e+00
 786   0.000000e+00   0.000000e+00   1.000000e+00
 787   0.000000e+00   0.000000e+00   1.000000e+00
 788   0.000000e+00   0.000000e+00   1.000000e+00
 789   0.000000e+00   0.000000e+00   1.000000e+00
 790   1.000000e+00   0.000000e+00   0.000000e+00
 791   1.000000e+00   0.000000e+00   0.000000e+00
 792   1.000000e+00   0.000000e+00   0.000000e+00
 793   1.000000e+00   0.000000e+00   0.000000e+00
 794   1.000000e+00   0.000000e+00   0.000000e+00
 795   1.000000e+00   0.000000e+00   0.000000e+00
 796   0.000000e+00   0.000000e+00   1.000000e+00
 797   0.000000e+00   0.000000e+00   1.000000e+00
 798   0.000000e+00   0.000000e+00   1.000000e+00
 799   0.000000e+00   0.000000e+00   1.000000e+00
 800   0.000000e+00   0.000000e+00   1.000000e+00
 801   0.000000e+00   0.000000e+00   1.000000e+00
 802   0.000000e+00   0.000000e+00   1.000000e+00
 803   1.000000e+00   0.000000e+00   0.000000e+00
 804   1.000000e+00   0.000000e+00   0.000000e+00
 805   1.000000e+00   0.000000e+00   0.000000e+00
 806   1.000000e+00   0.000000e+00   0.000000e+00
 807   1.000000e+00   0.000000e+00   0.000000e+00
 808   1.000000e+00   0.000000e+00   0.000000e+00
 809   0.000000e+00   1.000000e+00   0.000000e+00
 810   0.000000e+00   1.000000e+00   0.000000e+00
 811   0.000000e+00   1.000000e+00   0.000000e+00
 812   0.000000e+00   1.000000e+00   0.000000e+00
 813   0.000000e+00   1.000000e+00   0.000000e+00
 814   0.000000e+00   1.000000e+00   0.000000e+00
 815   0.000000e+00   1.000000e+00   0.000000e+00
 816   0.000000e+00   1.000000e+00   0.000000e+00
 817   0.000000e+00   1.000000e+00   0.000000e+00
 818   0.000000e+00   1.000000e+00   0.000000e+00
 819   0.000000e+00   1.000000e+00   0.000000e+00
 820   0.000000e+00   1.000000e+00   0.000000e+00
 821   0.000000e+00   1.000000e+00   0.000000e+00
 822   0.000000e+00   1.000000e+00   0.000000e+00
 823   0.000000e+00   1.000000e+00   0.000000e+00
 824   0.000000e+00   1.000000e+00   0.000000e+00
 825   0.000000e+00   1.000000e+00   0.000000e+00
 826   0.000000e+00   1.000000e+00   0.000000e+00
 827   0.000000e+00   1.000000e+00   0.000000e+00
 828   0.000000e+00   1.000000e+00   0.000000e+00
 829   0.000000e+00   1.000000e+00   0.000000e+00
 830   0.000000e+00   1.000000e+00   0.000000e+00
 831   0.000000e+00   1.000000e+00   0.000000e+00
 832   0.000000e+00   1.000000e+00   0.000000e+00
 833   0.000000e+00   1.000000e+00   0.000000e+00
 834   0.000000e+00   1.000000e+00   0.000000e+00
 835   0.000000e+00   1.000000e+00   0.000000e+00
 836   0.000000e+00   1.000000e+00   0.000000e+00
 837   0.000000e+00   0.000000e+00   1.000000e+00
 838   0.000000e+00   0.000000e+00   1.000000e+00
 839   0.000000e+00   0.000000e+00   1.000000e+00
 840   0.000000e+00   0.000000e+00   1.000000e+00
 841   0.000000e+00   0.000000e+00   1.000000e+00
 842   0.000000e+00   0.000000e+00   1.000000e+00
 843   0.000000e+00   0.000000e+00   1.000000e+00
 844   1.000000e+00   0.000000e+00   0.000000e+00
 845   1.000000e+00   0.000000e+00   0.000000e+00
 846   1.000000e+00   0.000000e+00   0.000000e+00
 847   1.000000e+00   0.000000e+00   0.000000e+00
 848   1.000000e+00   0.000000e+00   0.000000e+00
 849   1.000000e+00   0.000000e+00   0.000000e+00
 850   0.000000e+00   0.000000e+00   1.000000e+00
 851   0.000000e+00   0.000000e+00   1.000000e+00
 852   0.000000e+00   0.000000e+00   1.000000e+00
 853   0.000000e+00   0.000000e+00   1.000000e+00
 854   0.000000e+00   0.000000e+00   1.000000e+00
 855   0.000000e+00   0.000000e+00   1.000000e+00
 856   0.000000e+00   0.000000e+00   1.000000e+00
 857   1.000000e+00   0.000000e+00   0.000000e+00
 858   1.000000e+00   0.000000e+00   0.000000e+00
 859   1.000000e+00   0.000000e+00   0.000000e+00
 860   1.000000e+00   0.000000e+00   0.000000e+00
 861   1.000000e+00   0.000000e+00   0.000000e+00
 862   1.000000e+00   0.000000e+00   0.000000e+00
 863   0.000000e+00   0.000000e+00   1.000000e+00
 864   0.000000e+00   0.000000e+00   1.000000e+00
 865   0.000000e+00   0.000000e+00   1.000000e+00
 866   0.000000e+00   0.000000e+00   1.000000e+00
 867   0.000000e+00   0.000000e+00   1.000000e+00
 868   0.000000e+00   0.000000e+00   1.000000e+00
 869   0.000000e+00   0.000000e+00   1.000000e+00
 870   1.000000e+00   0.000000e+00   0.000000e+00
 871   1.000000e+00   0.000000e+00   0.000000e+00
 872   1.000000e+00   0.000000e+00   0.000000e+00
 873   1.000000e+00   0.000000e+00   0.000000e+00
 874   1.000000e+00   0.000000e+00   0.000000e+00
 875   1.000000e+00   0.000000e+00   0.000000e+00
 876   0.000000e+00   0.000000e+00   1.000000e+00
 877   0.000000e+00   0.000000e+00   1.000000e+00
 878   0.000000e+00   0.000000e+00   1.000000e+00
 879   0.000000e+00   0.000000e+00   1.000000e+00
 880   0.000000e+00   0.000000e+00   1.000000e+00
 881   0.000000e+00   0.000000e+00   1.000000e+00
 882   0.000000e+00   0.000000e+00   1.000000e+00
 883   1.000000e+00   0.000000e+00   0.000000e+00
 884   1.000000e+00   0.000000e+00   0.000000e+00
 885   1.000000e+00   0.000000e+00   0.000000e+00
 886   1.000000e+00   0.000000e+00   0.000000e+00
 887   1.000000e+00   0.000000e+00   0.000000e+00
 888   1.000000e+00   0.000000e+00   0.000000e+00
 889   0.000000e+00   0.000000e+00   1.000000e+00
 890   0.000000e+00   0.000000e+00   1.000000e+00
 891   0.000000e+00   0.000000e+00   1.000000e+00
 892   0.000000e+00   0.000000e+00   1.000000e+00
 893   0.000000e+00   0.000000e+00   1.000000e+00
 894   0.000000e+00   0.000000e+00   1.000000e+00
 895   0.000000e+00   0.000000e+00   1.000000e+00
 896   1.000000e+00   0.000000e+00   0.000000e+00
 897   1.000000e+00   0.000000e+00   0.000000e+00
 898   1.000000e+00   0.000000e+00   0.000000e+00
 899   1.000000e+00   0.000000e+00   0.000000e+00
 900   1.000000e+00   0.000000e+00   0.000000e+00
 901   1.000000e+00   0.000000e+00   0.000000e+00
 902   0.000000e+00   1.000000e+00   0.000000e+00
 903   0.000000e+00   1.000000e+00   0.000000e+00
 904   0.000000e+00   1.000000e+00   0.000000e+00
 905   0.000000e+00   1.000000e+00   0.000000e+00
 906   0.000000e+00   1.000000e+00   0.000000e+00
 907   0.000000e+00   1.000000e+00   0.000000e+00
 908   0.000000e+00   1.000000e+00   0.000000e+00
 909   0.000000e+00   1.000000e+00   0.000000e+00
 910   0.000000e+00   1.000000e+00   0.000000e+00
 911   0.000000e+00   1.000000e+00   0.000000e+00
 912   0.000000e+00   1.000000e+00   0.000000e+00
 913   0.000000e+00   1.000000e+00   0.000000e+00
 914   0.000000e+00   1.000000e+00   0.000000e+00
 915   0.000000e+00   1.000000e+00   0.000000e+00
 916   0.000000e+00   1.000000e+00   0.000000e+00
 917   0.000000e+00   1.000000e+00   0.000000e+00
 918   0.000000e+00   1.000000e+00   0.000000e+00
 919   0.000000e+00   1.000000e+00   0.000000e+00
 920   0.000000e+00   1.000000e+00   0.000000e+00
 921   0.000000e+00   1.000000e+00   0.000000e+00
 922   0.000000e+00   1.000000e+00   0.000000e+00
 923   0.000000e+00   1.000000e+00   0.000000e+00
 924   0.000000e+00   1.000000e+00   0.000000e+00
 925   0.000000e+00   1.000000e+00   0.000000e+00
 926   0.000000e+00   1.000000e+00   0.000000e+00
 927   0.000000e+00   1.000000e+00   0.000000e+00
 928   0.000000e+00   1.000000e+00   0.000000e+00
 929   0.000000e+00   1.000000e+00   0.000000e+00
 -10
 prescribed displacement x: node  disp value
   0   0.000000e+00
   1   0.000000e+00
   2   0.000000e+00
   3   0.000000e+00
   4   0.000000e+00
   5   0.000000e+00
   6   0.000000e+00
   7   0.000000e+00
   8   0.000000e+00
   9   0.000000e+00
  10   0.000000e+00
  11   0.000000e+00
  12   0.000000e+00
  13   0.000000e+00
  14   0.000000e+00
  15   0.000000e+00
  16   0.000000e+00
  17   0.000000e+00
  18   0.000000e+00
  19   0.000000e+00
  20   0.000000e+00
  21   0.000000e+00
  22   0.000000e+00
  23   0.000000e+00
  24   0.000000e+00
  25   0.000000e+00
  26   0.000000e+00
  27   0.000000e+00
  28   0.000000e+00
  29   0.000000e+00
  30   0.000000e+00
  31   0.000000e+00
  32   0.000000e+00
  33   0.000000e+00
  34   0.000000e+00
 -10
 prescribed displacement y: node  disp value
   0   0.000000e+00
   1   0.000000e+00
   2   0.000000e+00
   3   0.000000e+00
   4   0.000000e+00
   5   0.000000e+00
   6   0.000000e+00
   7   0.000000e+00
   8   0.000000e+00
   9   0.000000e+00
  10   0.000000e+00
  11   0.000000e+00
  12   0.000000e+00
  13   0.000000e+00
  14   0.000000e+00
  15   0.000000e+00
  16   0.000000e+00
  17   0.000000e+00
  18   0.000000e+00
  19   0.000000e+00
  20   0.000000e+00
  21   0.000000e+00
  22   0.000000e+00
  23   0.000000e+00
  24   0.000000e+00
  25   0.000000e+00
  26   0.000000e+00
  27   0.000000e+00
  28   0.000000e+00
  29   0.000000e+00
  30   0.000000e+00
  31   0.000000e+00
  32   0.000000e+00
  33   0.000000e+00
  34   0.000000e+00
 -10
 prescribed displacement z: node  disp value
   0   0.000000e+00
   1   0.000000e+00
   2   0.000000e+00
   3   0.000000e+00
   4   0.000000e+00
   5   0.000000e+00
   6   0.000000e+00
   7   0.000000e+00
   8   0.000000e+00
   9   0.000000e+00
  10   0.000000e+00
  11   0.000000e+00
  12   0.000000e+00
  13   0.000000e+00
  14   0.000000e+00
  15   0.000000e+00
  16   0.000000e+00
  17   0.000000e+00
  18   0.000000e+00
  19   0.000000e+00
  20   0.000000e+00
  21   0.000000e+00
  22   0.000000e+00
  23   0.000000e+00
  24   0.000000e+00
  25   0.000000e+00
  26   0.000000e+00
  27   0.000000e+00
  28   0.000000e+00
  29   0.000000e+00
  30   0.000000e+00
  31   0.000000e+00
  32   0.000000e+00
  33   0.000000e+00
  34   0.000000e+00
 -10
 prescribed angle phi x: node angle value
   0   0.000000e+00
   1   0.000000e+00
   2   0.000000e+00
   3   0.000000e+00
   4   0.000000e+00
   5   0.000000e+00
   6   0.000000e+00
   7   0.000000e+00
   8   0.000000e+00
   9   0.000000e+00
  10   0.000000e+00
  11   0.000000e+00
  12   0.000000e+00
  13   0.000000e+00
  14   0.000000e+00
  15   0.000000e+00
  16   0.000000e+00
  17   0.000000e+00
  18   0.000000e+00
  19   0.000000e+00
  20   0.000000e+00
  21   0.000000e+00
  22   0.000000e+00
  23   0.000000e+00
  24   0.000000e+00
  25   0.000000e+00
  26   0.000000e+00
  27   0.000000e+00
  28   0.000000e+00
  29   0.000000e+00
  30   0.000000e+00
  31   0.000000e+00
  32   0.000000e+00
  33   0.000000e+00
  34   0.000000e+00
 -10
 prescribed angle phi y: node angle value
   0   0.000000e+00
   1   0.000000e+00
   2   0.000000e+00
   3   0.000000e+00
   4   0.000000e+00
   5   0.000000e+00
   6   0.000000e+00
   7   0.000000e+00
   8   0.000000e+00
   9   0.000000e+00
  10   0.000000e+00
  11   0.000000e+00
  12   0.000000e+00
  13   0.000000e+00
  14   0.000000e+00
  15   0.000000e+00
  16   0.000000e+00
  17   0.000000e+00
  18   0.000000e+00
  19   0.000000e+00
  20   0.000000e+00
  21   0.000000e+00
  22   0.000000e+00
  23   0.000000e+00
  24   0.000000e+00
  25   0.000000e+00
  26   0.000000e+00
  27   0.000000e+00
  28   0.000000e+00
  29   0.000000e+00
  30   0.000000e+00
  31   0.000000e+00
  32   0.000000e+00
  33   0.000000e+00
  34   0.000000e+00
 -10
 prescribed angle phi z: node angle value
   0   0.000000e+00
   1   0.000000e+00
   2   0.000000e+00
   3   0.000000e+00
   4   0.000000e+00
   5   0.000000e+00
   6   0.000000e+00
   7   0.000000e+00
   8   0.000000e+00
   9   0.000000e+00
  10   0.000000e+00
  11   0.000000e+00
  12   0.000000e+00
  13   0.000000e+00
  14   0.000000e+00
  15   0.000000e+00
  16   0.000000e+00
  17   0.000000e+00
  18   0.000000e+00
  19   0.000000e+00
  20   0.000000e+00
  21   0.000000e+00
  22   0.000000e+00
  23   0.000000e+00
  24   0.000000e+00
  25   0.000000e+00
  26   0.000000e+00
  27   0.000000e+00
  28   0.000000e+00
  29   0.000000e+00
  30   0.000000e+00
  31   0.000000e+00
  32   0.000000e+00
  33   0.000000e+00
  34   0.000000e+00
 -10
 node with point load x, y, z and 3 moments phi x, phi y, phi z
 350   1.000000e+05   0.000000e+00   0.000000e+00   0.000000e+00   0.000000e+00   0.000000e+00
 351   1.000000e+05   0.000000e+00   0.000000e+00   0.000000e+00   0.000000e+00   0.000000e+00
 352   1.000000e+05   0.000000e+00   0.000000e+00   0.000000e+00   0.000000e+00   0.000000e+00
 353   1.000000e+05   0.000000e+00   0.000000e+00   0.000000e+00   0.000000e+00   0.000000e+00
 354   1.000000e+05   0.000000e+00   0.000000e+00   0.000000e+00   0.000000e+00   0.000000e+00
 355   1.000000e+05   0.000000e+00   0.000000e+00   0.000000e+00   0.000000e+00   0.000000e+00
 356   1.000000e+05   0.000000e+00   0.000000e+00   0.000000e+00   0.000000e+00   0.000000e+00
 357   1.000000e+05   0.000000e+00   0.000000e+00   0.000000e+00   0.000000e+00   0.000000e+00
 358   1.000000e+05   0.000000e+00   0.000000e+00   0.000000e+00   0.000000e+00   0.000000e+00
 359   1.000000e+05   0.000000e+00   0.000000e+00   0.000000e+00   0.000000e+00   0.000000e+00
 360   1.000000e+05   0.000000e+00   0.000000e+00   0.000000e+00   0.000000e+00   0.000000e+00
 361   1.000000e+05   0.000000e+00   0.000000e+00   0.000000e+00   0.000000e+00   0.000000e+00
 362   1.000000e+05   0.000000e+00   0.000000e+00   0.000000e+00   0.000000e+00   0.000000e+00
 363   1.000000e+05   0.000000e+00   0.000000e+00   0.000000e+00   0.000000e+00   0.000000e+00
 364   1.000000e+05   0.000000e+00   0.000000e+00   0.000000e+00   0.000000e+00   0.000000e+00
 365   1.000000e+05   0.000000e+00   0.000000e+00   0.000000e+00   0.000000e+00   0.000000e+00
 366   1.000000e+05   0.000000e+00   0.000000e+00   0.000000e+00   0.000000e+00   0.000000e+00
 367   1.000000e+05   0.000000e+00   0.000000e+00   0.000000e+00   0.000000e+00   0.000000e+00
 368   1.000000e+05   0.000000e+00   0.000000e+00   0.000000e+00   0.000000e+00   0.000000e+00
 369   1.000000e+05   0.000000e+00   0.000000e+00   0.000000e+00   0.000000e+00   0.000000e+00
 370   1.000000e+05   0.000000e+00   0.000000e+00   0.000000e+00   0.000000e+00   0.000000e+00
 371   1.000000e+05   0.000000e+00   0.000000e+00   0.000000e+00   0.000000e+00   0.000000e+00
 372   1.000000e+05   0.000000e+00   0.000000e+00   0.000000e+00   0.000000e+00   0.000000e+00
 373   1.000000e+05   0.000000e+00   0.000000e+00   0.000000e+00   0.000000e+00   0.000000e+00
 374   1.000000e+05   0.000000e+00   0.000000e+00   0.000000e+00   0.000000e+00   0.000000e+00
 375   1.000000e+05   0.000000e+00   0.000000e+00   0.000000e+00   0.000000e+00   0.000000e+00
 376   1.000000e+05   0.000000e+00   0.000000e+00   0.000000e+00   0.000000e+00   0.000000e+00
 377   1.000000e+05   0.000000e+00   0.000000e+00   0.000000e+00   0.000000e+00   0.000000e+00
 378   1.000000e+05   0.000000e+00   0.000000e+00   0.000000e+00   0.000000e+00   0.000000e+00
 379   1.000000e+05   0.000000e+00   0.000000e+00   0.000000e+00   0.000000e+00   0.000000e+00
 380   1.000000e+05   0.000000e+00   0.000000e+00   0.000000e+00   0.000000e+00   0.000000e+00
 381   1.000000e+05   0.000000e+00   0.000000e+00   0.000000e+00   0.000000e+00   0.000000e+00
 382   1.000000e+05   0.000000e+00   0.000000e+00   0.000000e+00   0.000000e+00   0.000000e+00
 383   1.000000e+05   0.000000e+00   0.000000e+00   0.000000e+00   0.000000e+00   0.000000e+00
 384   1.000000e+05   0.000000e+00   0.000000e+00   0.000000e+00   0.000000e+00   0.000000e+00
 -10
 element with distributed load in local beam y and z coordinates
 -10 
element no. and gauss pt. no. with local stress vector xx and moment xx,yy,zz
 -10 



 What is the length of the height?
 10
 How many elements on the height?
 10
 What is the length of the width along x?
 4
 How many elements on the width along x?
 4
 What is the length of the width along z?
 6
 How many elements on the width along z?
 6
